-4.05e0 -4.05e0 -8.293e-2 -8.293e-2
-3.842308e0 -4.05e0 -8.408e-2 -8.408e-2
-3.6346161e0 -4.05e0 -8.487e-2 -8.487e-2
-3.4269241e0 -4.05e0 -8.521e-2 -8.521e-2
-3.2192322e0 -4.05e0 -8.506e-2 -8.506e-2
-3.0115402e0 -4.05e0 -8.435e-2 -8.435e-2
-2.8038483e0 -4.05e0 -8.304001e-2 -8.304001e-2
-2.5961563e0 -4.05e0 -8.104e-2 -8.104e-2
-2.3884644e0 -4.05e0 -7.834e-2 -7.834e-2
-2.1807724e0 -4.05e0 -7.487e-2 -7.487e-2
-1.9730804e0 -4.05e0 -7.065e-2 -7.065e-2
-1.7653885e0 -4.05e0 -6.566e-2 -6.566e-2
-1.5576965e0 -4.05e0 -5.995e-2 -5.995e-2
-1.3500046e0 -4.05e0 -5.353e-2 -5.353e-2
-1.1423126e0 -4.05e0 -4.648e-2 -4.648e-2
-9.346207e-1 -4.05e0 -3.883e-2 -3.883e-2
-7.269287e-1 -4.05e0 -3.073e-2 -3.073e-2
-5.192367e-1 -4.05e0 -2.223999e-2 -2.223999e-2
-3.115447e-1 -4.05e0 -1.345e-2 -1.345e-2
-1.0385269e-1 -4.05e0 -4.5e-3 -4.5e-3
1.0383931e-1 -4.05e0 4.5e-3 4.5e-3
3.1153131e-1 -4.05e0 1.344e-2 1.344e-2
5.1922331e-1 -4.05e0 2.223999e-2 2.223999e-2
7.2691531e-1 -4.05e0 3.073e-2 3.073e-2
9.3460732e-1 -4.05e0 3.884e-2 3.884e-2
1.14229932e0 -4.05e0 4.648e-2 4.648e-2
1.3499913e0 -4.05e0 5.353e-2 5.353e-2
1.5576833e0 -4.05e0 5.995e-2 5.995e-2
1.7653752e0 -4.05e0 6.566e-2 6.566e-2
1.9730672e0 -4.05e0 7.065e-2 7.065e-2
2.1807591e0 -4.05e0 7.486e-2 7.486e-2
2.3884511e0 -4.05e0 7.834e-2 7.834e-2
2.596143e0 -4.05e0 8.104e-2 8.104e-2
2.803835e0 -4.05e0 8.304001e-2 8.304001e-2
3.011527e0 -4.05e0 8.435e-2 8.435e-2
3.2192189e0 -4.05e0 8.506e-2 8.506e-2
3.4269109e0 -4.05e0 8.521e-2 8.521e-2
3.6346028e0 -4.05e0 8.487e-2 8.487e-2
3.8422948e0 -4.05e0 8.408e-2 8.408e-2
4.0499867e0 -4.05e0 8.294e-2 8.294e-2

-4.05e0 -3.842308e0 -9.01e-2 -9.01e-2
-3.842308e0 -3.842308e0 -9.168e-2 -9.168e-2
-3.6346161e0 -3.842308e0 -9.287001e-2 -9.287001e-2
-3.4269241e0 -3.842308e0 -9.358e-2 -9.358e-2
-3.2192322e0 -3.842308e0 -9.378e-2 -9.378e-2
-3.0115402e0 -3.842308e0 -9.331999e-2 -9.331999e-2
-2.8038483e0 -3.842308e0 -9.218e-2 -9.218e-2
-2.5961563e0 -3.842308e0 -9.026001e-2 -9.026001e-2
-2.3884644e0 -3.842308e0 -8.749e-2 -8.749e-2
-2.1807724e0 -3.842308e0 -8.386e-2 -8.386e-2
-1.9730804e0 -3.842308e0 -7.933e-2 -7.933e-2
-1.7653885e0 -3.842308e0 -7.39e-2 -7.39e-2
-1.5576965e0 -3.842308e0 -6.758e-2 -6.758e-2
-1.3500046e0 -3.842308e0 -6.044e-2 -6.044e-2
-1.1423126e0 -3.842308e0 -5.254999e-2 -5.254999e-2
-9.346207e-1 -3.842308e0 -4.397e-2 -4.397e-2
-7.269287e-1 -3.842308e0 -3.483e-2 -3.483e-2
-5.192367e-1 -3.842308e0 -2.519e-2 -2.519e-2
-3.115447e-1 -3.842308e0 -1.527e-2 -1.527e-2
-1.0385269e-1 -3.842308e0 -5.11e-3 -5.11e-3
1.0383931e-1 -3.842308e0 5.11e-3 5.11e-3
3.1153131e-1 -3.842308e0 1.527e-2 1.527e-2
5.1922331e-1 -3.842308e0 2.519e-2 2.519e-2
7.2691531e-1 -3.842308e0 3.483e-2 3.483e-2
9.3460732e-1 -3.842308e0 4.397e-2 4.397e-2
1.14229932e0 -3.842308e0 5.254999e-2 5.254999e-2
1.3499913e0 -3.842308e0 6.044e-2 6.044e-2
1.5576833e0 -3.842308e0 6.758e-2 6.758e-2
1.7653752e0 -3.842308e0 7.39e-2 7.39e-2
1.9730672e0 -3.842308e0 7.933e-2 7.933e-2
2.1807591e0 -3.842308e0 8.386e-2 8.386e-2
2.3884511e0 -3.842308e0 8.749e-2 8.749e-2
2.596143e0 -3.842308e0 9.026001e-2 9.026001e-2
2.803835e0 -3.842308e0 9.218e-2 9.218e-2
3.011527e0 -3.842308e0 9.331999e-2 9.331999e-2
3.2192189e0 -3.842308e0 9.378e-2 9.378e-2
3.4269109e0 -3.842308e0 9.358e-2 9.358e-2
3.6346028e0 -3.842308e0 9.287001e-2 9.287001e-2
3.8422948e0 -3.842308e0 9.168e-2 9.168e-2
4.0499867e0 -3.842308e0 9.01e-2 9.01e-2

-4.05e0 -3.6346161e0 -9.794e-2 -9.794e-2
-3.842308e0 -3.6346161e0 -1.0006e-1 -1.0006e-1
-3.6346161e0 -3.6346161e0 -1.0178e-1 -1.0178e-1
-3.4269241e0 -3.6346161e0 -1.03e-1 -1.03e-1
-3.2192322e0 -3.6346161e0 -1.0362001e-1 -1.0362001e-1
-3.0115402e0 -3.6346161e0 -1.0353e-1 -1.0353e-1
-2.8038483e0 -3.6346161e0 -1.0265e-1 -1.0265e-1
-2.5961563e0 -3.6346161e0 -1.0085e-1 -1.0085e-1
-2.3884644e0 -3.6346161e0 -9.808e-2 -9.808e-2
-2.1807724e0 -3.6346161e0 -9.429001e-2 -9.429001e-2
-1.9730804e0 -3.6346161e0 -8.940999e-2 -8.940999e-2
-1.7653885e0 -3.6346161e0 -8.348001e-2 -8.348001e-2
-1.5576965e0 -3.6346161e0 -7.65e-2 -7.65e-2
-1.3500046e0 -3.6346161e0 -6.854e-2 -6.854e-2
-1.1423126e0 -3.6346161e0 -5.965e-2 -5.965e-2
-9.346207e-1 -3.6346161e0 -4.995e-2 -4.995e-2
-7.269287e-1 -3.6346161e0 -3.958e-2 -3.958e-2
-5.192367e-1 -3.6346161e0 -2.867e-2 -2.867e-2
-3.115447e-1 -3.6346161e0 -1.737e-2 -1.737e-2
-1.0385269e-1 -3.6346161e0 -5.81999e-3 -5.81999e-3
1.0383931e-1 -3.6346161e0 5.81999e-3 5.81999e-3
3.1153131e-1 -3.6346161e0 1.737e-2 1.737e-2
5.1922331e-1 -3.6346161e0 2.867e-2 2.867e-2
7.2691531e-1 -3.6346161e0 3.958e-2 3.958e-2
9.3460732e-1 -3.6346161e0 4.995e-2 4.995e-2
1.14229932e0 -3.6346161e0 5.965e-2 5.965e-2
1.3499913e0 -3.6346161e0 6.854e-2 6.854e-2
1.5576833e0 -3.6346161e0 7.65e-2 7.65e-2
1.7653752e0 -3.6346161e0 8.348001e-2 8.348001e-2
1.9730672e0 -3.6346161e0 8.940999e-2 8.940999e-2
2.1807591e0 -3.6346161e0 9.429001e-2 9.429001e-2
2.3884511e0 -3.6346161e0 9.808e-2 9.808e-2
2.596143e0 -3.6346161e0 1.0085e-1 1.0085e-1
2.803835e0 -3.6346161e0 1.0265e-1 1.0265e-1
3.011527e0 -3.6346161e0 1.0353e-1 1.0353e-1
3.2192189e0 -3.6346161e0 1.0362001e-1 1.0362001e-1
3.4269109e0 -3.6346161e0 1.03e-1 1.03e-1
3.6346028e0 -3.6346161e0 1.0178e-1 1.0178e-1
3.8422948e0 -3.6346161e0 1.0006e-1 1.0006e-1
4.0499867e0 -3.6346161e0 9.794e-2 9.794e-2

-4.05e0 -3.4269241e0 -1.0662e-1 -1.0662e-1
-3.842308e0 -3.4269241e0 -1.0938e-1 -1.0938e-1
-3.6346161e0 -3.4269241e0 -1.1175e-1 -1.1175e-1
-3.4269241e0 -3.4269241e0 -1.1359999e-1 -1.1359999e-1
-3.2192322e0 -3.4269241e0 -1.1476999e-1 -1.1476999e-1
-3.0115402e0 -3.4269241e0 -1.1516e-1 -1.1516e-1
-2.8038483e0 -3.4269241e0 -1.1464e-1 -1.1464e-1
-2.5961563e0 -3.4269241e0 -1.1307e-1 -1.1307e-1
-2.3884644e0 -3.4269241e0 -1.1036e-1 -1.1036e-1
-2.1807724e0 -3.4269241e0 -1.064e-1 -1.064e-1
-1.9730804e0 -3.4269241e0 -1.0120999e-1 -1.0120999e-1
-1.7653885e0 -3.4269241e0 -9.470999e-2 -9.470999e-2
-1.5576965e0 -3.4269241e0 -8.695999e-2 -8.695999e-2
-1.3500046e0 -3.4269241e0 -7.804e-2 -7.804e-2
-1.1423126e0 -3.4269241e0 -6.801e-2 -6.801e-2
-9.346207e-1 -3.4269241e0 -5.701001e-2 -5.701001e-2
-7.269287e-1 -3.4269241e0 -4.520999e-2 -4.520999e-2
-5.192367e-1 -3.4269241e0 -3.276999e-2 -3.276999e-2
-3.115447e-1 -3.4269241e0 -1.984999e-2 -1.984999e-2
-1.0385269e-1 -3.4269241e0 -6.64e-3 -6.64e-3
1.0383931e-1 -3.4269241e0 6.64e-3 6.64e-3
3.1153131e-1 -3.4269241e0 1.984999e-2 1.984999e-2
5.1922331e-1 -3.4269241e0 3.276999e-2 3.276999e-2
7.2691531e-1 -3.4269241e0 4.520999e-2 4.520999e-2
9.3460732e-1 -3.4269241e0 5.701001e-2 5.701001e-2
1.14229932e0 -3.4269241e0 6.801e-2 6.801e-2
1.3499913e0 -3.4269241e0 7.804e-2 7.804e-2
1.5576833e0 -3.4269241e0 8.695999e-2 8.695999e-2
1.7653752e0 -3.4269241e0 9.470999e-2 9.470999e-2
1.9730672e0 -3.4269241e0 1.0120999e-1 1.0120999e-1
2.1807591e0 -3.4269241e0 1.064e-1 1.064e-1
2.3884511e0 -3.4269241e0 1.1036e-1 1.1036e-1
2.596143e0 -3.4269241e0 1.1307e-1 1.1307e-1
2.803835e0 -3.4269241e0 1.1464e-1 1.1464e-1
3.011527e0 -3.4269241e0 1.1516e-1 1.1516e-1
3.2192189e0 -3.4269241e0 1.1476999e-1 1.1476999e-1
3.4269109e0 -3.4269241e0 1.1359999e-1 1.1359999e-1
3.6346028e0 -3.4269241e0 1.1175e-1 1.1175e-1
3.8422948e0 -3.4269241e0 1.0938e-1 1.0938e-1
4.0499867e0 -3.4269241e0 1.0662e-1 1.0662e-1

-4.05e0 -3.2192322e0 -1.161e-1 -1.161e-1
-3.842308e0 -3.2192322e0 -1.1968001e-1 -1.1968001e-1
-3.6346161e0 -3.2192322e0 -1.2287999e-1 -1.2287999e-1
-3.4269241e0 -3.2192322e0 -1.255e-1 -1.255e-1
-3.2192322e0 -3.2192322e0 -1.2743e-1 -1.2743e-1
-3.0115402e0 -3.2192322e0 -1.2844e-1 -1.2844e-1
-2.8038483e0 -3.2192322e0 -1.2845001e-1 -1.2845001e-1
-2.5961563e0 -3.2192322e0 -1.2724e-1 -1.2724e-1
-2.3884644e0 -3.2192322e0 -1.2467e-1 -1.2467e-1
-2.1807724e0 -3.2192322e0 -1.2064e-1 -1.2064e-1
-1.9730804e0 -3.2192322e0 -1.1506e-1 -1.1506e-1
-1.7653885e0 -3.2192322e0 -1.0795e-1 -1.0795e-1
-1.5576965e0 -3.2192322e0 -9.932e-2 -9.932e-2
-1.3500046e0 -3.2192322e0 -8.925e-2 -8.925e-2
-1.1423126e0 -3.2192322e0 -7.787001e-2 -7.787001e-2
-9.346207e-1 -3.2192322e0 -6.532999e-2 -6.532999e-2
-7.269287e-1 -3.2192322e0 -5.183e-2 -5.183e-2
-5.192367e-1 -3.2192322e0 -3.758e-2 -3.758e-2
-3.115447e-1 -3.2192322e0 -2.276999e-2 -2.276999e-2
-1.0385269e-1 -3.2192322e0 -7.61e-3 -7.61e-3
1.0383931e-1 -3.2192322e0 7.62e-3 7.62e-3
3.1153131e-1 -3.2192322e0 2.276999e-2 2.276999e-2
5.1922331e-1 -3.2192322e0 3.758e-2 3.758e-2
7.2691531e-1 -3.2192322e0 5.183e-2 5.183e-2
9.3460732e-1 -3.2192322e0 6.532999e-2 6.532999e-2
1.14229932e0 -3.2192322e0 7.787001e-2 7.787001e-2
1.3499913e0 -3.2192322e0 8.925e-2 8.925e-2
1.5576833e0 -3.2192322e0 9.932e-2 9.932e-2
1.7653752e0 -3.2192322e0 1.0795e-1 1.0795e-1
1.9730672e0 -3.2192322e0 1.1506e-1 1.1506e-1
2.1807591e0 -3.2192322e0 1.2064e-1 1.2064e-1
2.3884511e0 -3.2192322e0 1.2467e-1 1.2467e-1
2.596143e0 -3.2192322e0 1.2724e-1 1.2724e-1
2.803835e0 -3.2192322e0 1.2845001e-1 1.2845001e-1
3.011527e0 -3.2192322e0 1.2846e-1 1.2846e-1
3.2192189e0 -3.2192322e0 1.2743e-1 1.2743e-1
3.4269109e0 -3.2192322e0 1.255e-1 1.255e-1
3.6346028e0 -3.2192322e0 1.2287999e-1 1.2287999e-1
3.8422948e0 -3.2192322e0 1.1968001e-1 1.1968001e-1
4.0499867e0 -3.2192322e0 1.161e-1 1.161e-1

-4.05e0 -3.0115402e0 -1.2653e-1 -1.2653e-1
-3.842308e0 -3.0115402e0 -1.311e-1 -1.311e-1
-3.6346161e0 -3.0115402e0 -1.3531999e-1 -1.3531999e-1
-3.4269241e0 -3.0115402e0 -1.3896e-1 -1.3896e-1
-3.2192322e0 -3.0115402e0 -1.4184e-1 -1.4184e-1
-3.0115402e0 -3.0115402e0 -1.4373001e-1 -1.4373001e-1
-2.8038483e0 -3.0115402e0 -1.4445e-1 -1.4445e-1
-2.5961563e0 -3.0115402e0 -1.4375e-1 -1.4375e-1
-2.3884644e0 -3.0115402e0 -1.4145e-1 -1.4145e-1
-2.1807724e0 -3.0115402e0 -1.3739e-1 -1.3739e-1
-1.9730804e0 -3.0115402e0 -1.3147e-1 -1.3147e-1
-1.7653885e0 -3.0115402e0 -1.2365001e-1 -1.2365001e-1
-1.5576965e0 -3.0115402e0 -1.14e-1 -1.14e-1
-1.3500046e0 -3.0115402e0 -1.0258e-1 -1.0258e-1
-1.1423126e0 -3.0115402e0 -8.962e-2 -8.962e-2
-9.346207e-1 -3.0115402e0 -7.524e-2 -7.524e-2
-7.269287e-1 -3.0115402e0 -5.971e-2 -5.971e-2
-5.192367e-1 -3.0115402e0 -4.331001e-2 -4.331001e-2
-3.115447e-1 -3.0115402e0 -2.623e-2 -2.623e-2
-1.0385269e-1 -3.0115402e0 -8.78e-3 -8.78e-3
1.0383931e-1 -3.0115402e0 8.78e-3 8.78e-3
3.1153131e-1 -3.0115402e0 2.623e-2 2.623e-2
5.1922331e-1 -3.0115402e0 4.329001e-2 4.329001e-2
7.2691531e-1 -3.0115402e0 5.971e-2 5.971e-2
9.3460732e-1 -3.0115402e0 7.524e-2 7.524e-2
1.14229932e0 -3.0115402e0 8.962e-2 8.962e-2
1.3499913e0 -3.0115402e0 1.0258e-1 1.0258e-1
1.5576833e0 -3.0115402e0 1.14e-1 1.14e-1
1.7653752e0 -3.0115402e0 1.2365001e-1 1.2365001e-1
1.9730672e0 -3.0115402e0 1.3147e-1 1.3147e-1
2.1807591e0 -3.0115402e0 1.3739e-1 1.3739e-1
2.3884511e0 -3.0115402e0 1.4145e-1 1.4145e-1
2.596143e0 -3.0115402e0 1.4375e-1 1.4375e-1
2.803835e0 -3.0115402e0 1.4445e-1 1.4445e-1
3.011527e0 -3.0115402e0 1.4373001e-1 1.4373001e-1
3.2192189e0 -3.0115402e0 1.4184e-1 1.4184e-1
3.4269109e0 -3.0115402e0 1.3896e-1 1.3896e-1
3.6346028e0 -3.0115402e0 1.3531999e-1 1.3531999e-1
3.8422948e0 -3.0115402e0 1.3111e-1 1.3111e-1
4.0499867e0 -3.0115402e0 1.2653e-1 1.2653e-1

-4.05e0 -2.8038483e0 -1.3793999e-1 -1.3793999e-1
-3.842308e0 -2.8038483e0 -1.4376001e-1 -1.4376001e-1
-3.6346161e0 -2.8038483e0 -1.4923e-1 -1.4923e-1
-3.4269241e0 -2.8038483e0 -1.5415e-1 -1.5415e-1
-3.2192322e0 -2.8038483e0 -1.5829001e-1 -1.5829001e-1
-3.0115402e0 -2.8038483e0 -1.6137e-1 -1.6137e-1
-2.8038483e0 -2.8038483e0 -1.6307e-1 -1.6307e-1
-2.5961563e0 -2.8038483e0 -1.6311e-1 -1.6311e-1
-2.3884644e0 -2.8038483e0 -1.6126999e-1 -1.6126999e-1
-2.1807724e0 -2.8038483e0 -1.5728e-1 -1.5728e-1
-1.9730804e0 -2.8038483e0 -1.51e-1 -1.51e-1
-1.7653885e0 -2.8038483e0 -1.4241e-1 -1.4241e-1
-1.5576965e0 -2.8038483e0 -1.3155e-1 -1.3155e-1
-1.3500046e0 -2.8038483e0 -1.1853e-1 -1.1853e-1
-1.1423126e0 -2.8038483e0 -1.0359999e-1 -1.0359999e-1
-9.346207e-1 -2.8038483e0 -8.701999e-2 -8.701999e-2
-7.269287e-1 -2.8038483e0 -6.907e-2 -6.907e-2
-5.192367e-1 -2.8038483e0 -5.006999e-2 -5.006999e-2
-3.115447e-1 -2.8038483e0 -3.034e-2 -3.034e-2
-1.0385269e-1 -2.8038483e0 -1.016e-2 -1.016e-2
1.0383931e-1 -2.8038483e0 1.016e-2 1.016e-2
3.1153131e-1 -2.8038483e0 3.034e-2 3.034e-2
5.1922331e-1 -2.8038483e0 5.006999e-2 5.006999e-2
7.2691531e-1 -2.8038483e0 6.907e-2 6.907e-2
9.3460732e-1 -2.8038483e0 8.701999e-2 8.701999e-2
1.14229932e0 -2.8038483e0 1.0359999e-1 1.0359999e-1
1.3499913e0 -2.8038483e0 1.1853e-1 1.1853e-1
1.5576833e0 -2.8038483e0 1.3154001e-1 1.3154001e-1
1.7653752e0 -2.8038483e0 1.4241e-1 1.4241e-1
1.9730672e0 -2.8038483e0 1.51e-1 1.51e-1
2.1807591e0 -2.8038483e0 1.5728e-1 1.5728e-1
2.3884511e0 -2.8038483e0 1.6126999e-1 1.6126999e-1
2.596143e0 -2.8038483e0 1.6311e-1 1.6311e-1
2.803835e0 -2.8038483e0 1.6307e-1 1.6307e-1
3.011527e0 -2.8038483e0 1.6137e-1 1.6137e-1
3.2192189e0 -2.8038483e0 1.5829001e-1 1.5829001e-1
3.4269109e0 -2.8038483e0 1.5415e-1 1.5415e-1
3.6346028e0 -2.8038483e0 1.4923e-1 1.4923e-1
3.8422948e0 -2.8038483e0 1.4376001e-1 1.4376001e-1
4.0499867e0 -2.8038483e0 1.3793999e-1 1.3793999e-1

-4.05e0 -2.5961563e0 -1.5040001e-1 -1.5040001e-1
-3.842308e0 -2.5961563e0 -1.5771e-1 -1.5771e-1
-3.6346161e0 -2.5961563e0 -1.6476001e-1 -1.6476001e-1
-3.4269241e0 -2.5961563e0 -1.7132e-1 -1.7132e-1
-3.2192322e0 -2.5961563e0 -1.7709999e-1 -1.7709999e-1
-3.0115402e0 -2.5961563e0 -1.8173e-1 -1.8173e-1
-2.8038483e0 -2.5961563e0 -1.8481e-1 -1.8481e-1
-2.5961563e0 -2.5961563e0 -1.8597e-1 -1.8597e-1
-2.3884644e0 -2.5961563e0 -1.8483e-1 -1.8483e-1
-2.1807724e0 -2.5961563e0 -1.8106e-1 -1.8106e-1
-1.9730804e0 -2.5961563e0 -1.7445e-1 -1.7445e-1
-1.7653885e0 -2.5961563e0 -1.6498e-1 -1.6498e-1
-1.5576965e0 -2.5961563e0 -1.5266e-1 -1.5266e-1
-1.3500046e0 -2.5961563e0 -1.3771e-1 -1.3771e-1
-1.1423126e0 -2.5961563e0 -1.2042e-1 -1.2042e-1
-9.346207e-1 -2.5961563e0 -1.0113e-1 -1.0113e-1
-7.269287e-1 -2.5961563e0 -8.023999e-2 -8.023999e-2
-5.192367e-1 -2.5961563e0 -5.817001e-2 -5.817001e-2
-3.115447e-1 -2.5961563e0 -3.523e-2 -3.523e-2
-1.0385269e-1 -2.5961563e0 -1.179001e-2 -1.179001e-2
1.0383931e-1 -2.5961563e0 1.179001e-2 1.179001e-2
3.1153131e-1 -2.5961563e0 3.523e-2 3.523e-2
5.1922331e-1 -2.5961563e0 5.817001e-2 5.817001e-2
7.2691531e-1 -2.5961563e0 8.023999e-2 8.023999e-2
9.3460732e-1 -2.5961563e0 1.0113e-1 1.0113e-1
1.14229932e0 -2.5961563e0 1.2042e-1 1.2042e-1
1.3499913e0 -2.5961563e0 1.3771e-1 1.3771e-1
1.5576833e0 -2.5961563e0 1.5266e-1 1.5266e-1
1.7653752e0 -2.5961563e0 1.6498e-1 1.6498e-1
1.9730672e0 -2.5961563e0 1.7446e-1 1.7446e-1
2.1807591e0 -2.5961563e0 1.8106e-1 1.8106e-1
2.3884511e0 -2.5961563e0 1.8483e-1 1.8483e-1
2.596143e0 -2.5961563e0 1.8597e-1 1.8597e-1
2.803835e0 -2.5961563e0 1.8481e-1 1.8481e-1
3.011527e0 -2.5961563e0 1.8173e-1 1.8173e-1
3.2192189e0 -2.5961563e0 1.7709999e-1 1.7709999e-1
3.4269109e0 -2.5961563e0 1.7134001e-1 1.7134001e-1
3.6346028e0 -2.5961563e0 1.6476001e-1 1.6476001e-1
3.8422948e0 -2.5961563e0 1.5771e-1 1.5771e-1
4.0499867e0 -2.5961563e0 1.5040001e-1 1.5040001e-1

-4.05e0 -2.3884644e0 -1.6395e-1 -1.6395e-1
-3.842308e0 -2.3884644e0 -1.731e-1 -1.731e-1
-3.6346161e0 -2.3884644e0 -1.8212001e-1 -1.8212001e-1
-3.4269241e0 -2.3884644e0 -1.9078e-1 -1.9078e-1
-3.2192322e0 -2.3884644e0 -1.9869e-1 -1.9869e-1
-3.0115402e0 -2.3884644e0 -2.054e-1 -2.054e-1
-2.8038483e0 -2.3884644e0 -2.1040001e-1 -2.1040001e-1
-2.5961563e0 -2.3884644e0 -2.1317e-1 -2.1317e-1
-2.3884644e0 -2.3884644e0 -2.131e-1 -2.131e-1
-2.1807724e0 -2.3884644e0 -2.0979e-1 -2.0979e-1
-1.9730804e0 -2.3884644e0 -2.0295e-1 -2.0295e-1
-1.7653885e0 -2.3884644e0 -1.9243001e-1 -1.9243001e-1
-1.5576965e0 -2.3884644e0 -1.7831e-1 -1.7831e-1
-1.3500046e0 -2.3884644e0 -1.6093001e-1 -1.6093001e-1
-1.1423126e0 -2.3884644e0 -1.407e-1 -1.407e-1
-9.346207e-1 -2.3884644e0 -1.1809e-1 -1.1809e-1
-7.269287e-1 -2.3884644e0 -9.362e-2 -9.362e-2
-5.192367e-1 -2.3884644e0 -6.778e-2 -6.778e-2
-3.115447e-1 -2.3884644e0 -4.103e-2 -4.103e-2
-1.0385269e-1 -2.3884644e0 -1.373001e-2 -1.373001e-2
1.0383931e-1 -2.3884644e0 1.373001e-2 1.373001e-2
3.1153131e-1 -2.3884644e0 4.103e-2 4.103e-2
5.1922331e-1 -2.3884644e0 6.778e-2 6.778e-2
7.2691531e-1 -2.3884644e0 9.362e-2 9.362e-2
9.3460732e-1 -2.3884644e0 1.1806999e-1 1.1806999e-1
1.14229932e0 -2.3884644e0 1.4068e-1 1.4068e-1
1.3499913e0 -2.3884644e0 1.6093001e-1 1.6093001e-1
1.5576833e0 -2.3884644e0 1.7831e-1 1.7831e-1
1.7653752e0 -2.3884644e0 1.9243001e-1 1.9243001e-1
1.9730672e0 -2.3884644e0 2.0295e-1 2.0295e-1
2.1807591e0 -2.3884644e0 2.0979e-1 2.0979e-1
2.3884511e0 -2.3884644e0 2.131e-1 2.131e-1
2.596143e0 -2.3884644e0 2.1317e-1 2.1317e-1
2.803835e0 -2.3884644e0 2.1040001e-1 2.1040001e-1
3.011527e0 -2.3884644e0 2.054e-1 2.054e-1
3.2192189e0 -2.3884644e0 1.9869e-1 1.9869e-1
3.4269109e0 -2.3884644e0 1.9078e-1 1.9078e-1
3.6346028e0 -2.3884644e0 1.8212001e-1 1.8212001e-1
3.8422948e0 -2.3884644e0 1.731e-1 1.731e-1
4.0499867e0 -2.3884644e0 1.6395e-1 1.6395e-1

-4.05e0 -2.1807724e0 -1.7861e-1 -1.7861e-1
-3.842308e0 -2.1807724e0 -1.8995e-1 -1.8995e-1
-3.6346161e0 -2.1807724e0 -2.0142e-1 -2.0142e-1
-3.4269241e0 -2.1807724e0 -2.1274e-1 -2.1274e-1
-3.2192322e0 -2.1807724e0 -2.2346e-1 -2.2346e-1
-3.0115402e0 -2.1807724e0 -2.3302e-1 -2.3302e-1
-2.8038483e0 -2.1807724e0 -2.4071e-1 -2.4071e-1
-2.5961563e0 -2.1807724e0 -2.4576001e-1 -2.4576001e-1
-2.3884644e0 -2.1807724e0 -2.4739e-1 -2.4739e-1
-2.1807724e0 -2.1807724e0 -2.4492e-1 -2.4492e-1
-1.9730804e0 -2.1807724e0 -2.3789e-1 -2.3789e-1
-1.7653885e0 -2.1807724e0 -2.2611e-1 -2.2611e-1
-1.5576965e0 -2.1807724e0 -2.0976e-1 -2.0976e-1
-1.3500046e0 -2.1807724e0 -1.8928e-1 -1.8928e-1
-1.1423126e0 -2.1807724e0 -1.653e-1 -1.653e-1
-9.346207e-1 -2.1807724e0 -1.3851001e-1 -1.3851001e-1
-7.269287e-1 -2.1807724e0 -1.0962e-1 -1.0962e-1
-5.192367e-1 -2.1807724e0 -7.923e-2 -7.923e-2
-3.115447e-1 -2.1807724e0 -4.791e-2 -4.791e-2
-1.0385269e-1 -2.1807724e0 -1.601999e-2 -1.601999e-2
1.0383931e-1 -2.1807724e0 1.601999e-2 1.601999e-2
3.1153131e-1 -2.1807724e0 4.791e-2 4.791e-2
5.1922331e-1 -2.1807724e0 7.923e-2 7.923e-2
7.2691531e-1 -2.1807724e0 1.0962e-1 1.0962e-1
9.3460732e-1 -2.1807724e0 1.3851001e-1 1.3851001e-1
1.14229932e0 -2.1807724e0 1.653e-1 1.653e-1
1.3499913e0 -2.1807724e0 1.8928e-1 1.8928e-1
1.5576833e0 -2.1807724e0 2.0976e-1 2.0976e-1
1.7653752e0 -2.1807724e0 2.2611e-1 2.2611e-1
1.9730672e0 -2.1807724e0 2.3789e-1 2.3789e-1
2.1807591e0 -2.1807724e0 2.4492e-1 2.4492e-1
2.3884511e0 -2.1807724e0 2.4739e-1 2.4739e-1
2.596143e0 -2.1807724e0 2.4576001e-1 2.4576001e-1
2.803835e0 -2.1807724e0 2.4071e-1 2.4071e-1
3.011527e0 -2.1807724e0 2.3302e-1 2.3302e-1
3.2192189e0 -2.1807724e0 2.2346e-1 2.2346e-1
3.4269109e0 -2.1807724e0 2.1274e-1 2.1274e-1
3.6346028e0 -2.1807724e0 2.0142e-1 2.0142e-1
3.8422948e0 -2.1807724e0 1.8995e-1 1.8995e-1
4.0499867e0 -2.1807724e0 1.7862e-1 1.7862e-1

-4.05e0 -1.9730804e0 -1.9433e-1 -1.9433e-1
-3.842308e0 -1.9730804e0 -2.0828e-1 -2.0828e-1
-3.6346161e0 -1.9730804e0 -2.2279e-1 -2.2279e-1
-3.4269241e0 -1.9730804e0 -2.3752e-1 -2.3752e-1
-3.2192322e0 -1.9730804e0 -2.5193999e-1 -2.5193999e-1
-3.0115402e0 -1.9730804e0 -2.6533e-1 -2.6533e-1
-2.8038483e0 -1.9730804e0 -2.7683e-1 -2.7683e-1
-2.5961563e0 -1.9730804e0 -2.8523e-1 -2.8523e-1
-2.3884644e0 -1.9730804e0 -2.8945999e-1 -2.8945999e-1
-2.1807724e0 -1.9730804e0 -2.8840001e-1 -2.8840001e-1
-1.9730804e0 -1.9730804e0 -2.8134001e-1 -2.8134001e-1
-1.7653885e0 -1.9730804e0 -2.6805e-1 -2.6805e-1
-1.5576965e0 -1.9730804e0 -2.4875e-1 -2.4875e-1
-1.3500046e0 -1.9730804e0 -2.2415e-1 -2.2415e-1
-1.1423126e0 -1.9730804e0 -1.9529e-1 -1.9529e-1
-9.346207e-1 -1.9730804e0 -1.6318001e-1 -1.6318001e-1
-7.269287e-1 -1.9730804e0 -1.2876999e-1 -1.2876999e-1
-5.192367e-1 -1.9730804e0 -9.286e-2 -9.286e-2
-3.115447e-1 -1.9730804e0 -5.603001e-2 -5.603001e-2
-1.0385269e-1 -1.9730804e0 -1.871999e-2 -1.871999e-2
1.0383931e-1 -1.9730804e0 1.871999e-2 1.871999e-2
3.1153131e-1 -1.9730804e0 5.603001e-2 5.603001e-2
5.1922331e-1 -1.9730804e0 9.286e-2 9.286e-2
7.2691531e-1 -1.9730804e0 1.2876999e-1 1.2876999e-1
9.3460732e-1 -1.9730804e0 1.6318001e-1 1.6318001e-1
1.14229932e0 -1.9730804e0 1.9529e-1 1.9529e-1
1.3499913e0 -1.9730804e0 2.2415e-1 2.2415e-1
1.5576833e0 -1.9730804e0 2.4875e-1 2.4875e-1
1.7653752e0 -1.9730804e0 2.6805e-1 2.6805e-1
1.9730672e0 -1.9730804e0 2.8134001e-1 2.8134001e-1
2.1807591e0 -1.9730804e0 2.8840001e-1 2.8840001e-1
2.3884511e0 -1.9730804e0 2.8944e-1 2.8944e-1
2.596143e0 -1.9730804e0 2.8520999e-1 2.8520999e-1
2.803835e0 -1.9730804e0 2.7681e-1 2.7681e-1
3.011527e0 -1.9730804e0 2.6533e-1 2.6533e-1
3.2192189e0 -1.9730804e0 2.5193999e-1 2.5193999e-1
3.4269109e0 -1.9730804e0 2.3752e-1 2.3752e-1
3.6346028e0 -1.9730804e0 2.2279e-1 2.2279e-1
3.8422948e0 -1.9730804e0 2.0828e-1 2.0828e-1
4.0499867e0 -1.9730804e0 1.9432e-1 1.9432e-1

-4.05e0 -1.7653885e0 -2.1096e-1 -2.1096e-1
-3.842308e0 -1.7653885e0 -2.2806999e-1 -2.2806999e-1
-3.6346161e0 -1.7653885e0 -2.4627e-1 -2.4627e-1
-3.4269241e0 -1.7653885e0 -2.6531e-1 -2.6531e-1
-3.2192322e0 -1.7653885e0 -2.846e-1 -2.846e-1
-3.0115402e0 -1.7653885e0 -3.0329001e-1 -3.0329001e-1
-2.8038483e0 -1.7653885e0 -3.2013e-1 -3.2013e-1
-2.5961563e0 -1.7653885e0 -3.3356999e-1 -3.3356999e-1
-2.3884644e0 -1.7653885e0 -3.4181e-1 -3.4181e-1
-2.1807724e0 -1.7653885e0 -3.4315e-1 -3.4315e-1
-1.9730804e0 -1.7653885e0 -3.3637001e-1 -3.3637001e-1
-1.7653885e0 -1.7653885e0 -3.2104999e-1 -3.2104999e-1
-1.5576965e0 -1.7653885e0 -2.9768001e-1 -2.9768001e-1
-1.3500046e0 -1.7653885e0 -2.6749e-1 -2.6749e-1
-1.1423126e0 -1.7653885e0 -2.3205e-1 -2.3205e-1
-9.346207e-1 -1.7653885e0 -1.9289e-1 -1.9289e-1
-7.269287e-1 -1.7653885e0 -1.5163e-1 -1.5163e-1
-5.192367e-1 -1.7653885e0 -1.0893e-1 -1.0893e-1
-3.115447e-1 -1.7653885e0 -6.555e-2 -6.555e-2
-1.0385269e-1 -1.7653885e0 -2.188e-2 -2.188e-2
1.0383931e-1 -1.7653885e0 2.188e-2 2.188e-2
3.1153131e-1 -1.7653885e0 6.555e-2 6.555e-2
5.1922331e-1 -1.7653885e0 1.0893e-1 1.0893e-1
7.2691531e-1 -1.7653885e0 1.5163e-1 1.5163e-1
9.3460732e-1 -1.7653885e0 1.9299e-1 1.9299e-1
1.14229932e0 -1.7653885e0 2.3205e-1 2.3205e-1
1.3499913e0 -1.7653885e0 2.6749e-1 2.6749e-1
1.5576833e0 -1.7653885e0 2.9768001e-1 2.9768001e-1
1.7653752e0 -1.7653885e0 3.2104999e-1 3.2104999e-1
1.9730672e0 -1.7653885e0 3.3637001e-1 3.3637001e-1
2.1807591e0 -1.7653885e0 3.4315e-1 3.4315e-1
2.3884511e0 -1.7653885e0 3.4181e-1 3.4181e-1
2.596143e0 -1.7653885e0 3.3356999e-1 3.3356999e-1
2.803835e0 -1.7653885e0 3.2014e-1 3.2014e-1
3.011527e0 -1.7653885e0 3.0329001e-1 3.0329001e-1
3.2192189e0 -1.7653885e0 2.846e-1 2.846e-1
3.4269109e0 -1.7653885e0 2.6531e-1 2.6531e-1
3.6346028e0 -1.7653885e0 2.4629e-1 2.4629e-1
3.8422948e0 -1.7653885e0 2.2806999e-1 2.2806999e-1
4.0499867e0 -1.7653885e0 2.1096e-1 2.1096e-1

-4.05e0 -1.5576965e0 -2.2835e-1 -2.2835e-1
-3.842308e0 -1.5576965e0 -2.4911e-1 -2.4911e-1
-3.6346161e0 -1.5576965e0 -2.7184e-1 -2.7184e-1
-3.4269241e0 -1.5576965e0 -2.9626e-1 -2.9626e-1
-3.2192322e0 -1.5576965e0 -3.2192e-1 -3.2192e-1
-3.0115402e0 -1.5576965e0 -3.4787e-1 -3.4787e-1
-2.8038483e0 -1.5576965e0 -3.7249e-1 -3.7249e-1
-2.5961563e0 -1.5576965e0 -3.9353e-1 -3.9353e-1
-2.3884644e0 -1.5576965e0 -4.0815999e-1 -4.0815999e-1
-2.1807724e0 -1.5576965e0 -4.1357e-1 -4.1357e-1
-1.9730804e0 -1.5576965e0 -4.0755e-1 -4.0755e-1
-1.7653885e0 -1.5576965e0 -3.8943001e-1 -3.8943001e-1
-1.5576965e0 -1.5576965e0 -3.6008e-1 -3.6008e-1
-1.3500046e0 -1.5576965e0 -3.2179001e-1 -3.2179001e-1
-1.1423126e0 -1.5576965e0 -2.7723e-1 -2.7723e-1
-9.346207e-1 -1.5576965e0 -2.2891e-1 -2.2891e-1
-7.269287e-1 -1.5576965e0 -1.7867e-1 -1.7867e-1
-5.192367e-1 -1.5576965e0 -1.2765999e-1 -1.2765999e-1
-3.115447e-1 -1.5576965e0 -7.656001e-2 -7.656001e-2
-1.0385269e-1 -1.5576965e0 -2.55e-2 -2.55e-2
1.0383931e-1 -1.5576965e0 2.55e-2 2.55e-2
3.1153131e-1 -1.5576965e0 7.656001e-2 7.656001e-2
5.1922331e-1 -1.5576965e0 1.2765999e-1 1.2765999e-1
7.2691531e-1 -1.5576965e0 1.7865e-1 1.7865e-1
9.3460732e-1 -1.5576965e0 2.2891e-1 2.2891e-1
1.14229932e0 -1.5576965e0 2.7723e-1 2.7723e-1
1.3499913e0 -1.5576965e0 3.2179001e-1 3.2179001e-1
1.5576833e0 -1.5576965e0 3.6008e-1 3.6008e-1
1.7653752e0 -1.5576965e0 3.8943001e-1 3.8943001e-1
1.9730672e0 -1.5576965e0 4.0755e-1 4.0755e-1
2.1807591e0 -1.5576965e0 4.1357e-1 4.1357e-1
2.3884511e0 -1.5576965e0 4.0815e-1 4.0815e-1
2.596143e0 -1.5576965e0 3.9353e-1 3.9353e-1
2.803835e0 -1.5576965e0 3.7249e-1 3.7249e-1
3.011527e0 -1.5576965e0 3.4787e-1 3.4787e-1
3.2192189e0 -1.5576965e0 3.2193999e-1 3.2193999e-1
3.4269109e0 -1.5576965e0 2.9628e-1 2.9628e-1
3.6346028e0 -1.5576965e0 2.7184e-1 2.7184e-1
3.8422948e0 -1.5576965e0 2.4911e-1 2.4911e-1
4.0499867e0 -1.5576965e0 2.2835e-1 2.2835e-1

-4.05e0 -1.3500046e0 -2.4607999e-1 -2.4607999e-1
-3.842308e0 -1.3500046e0 -2.7108e-1 -2.7108e-1
-3.6346161e0 -1.3500046e0 -2.9911e-1 -2.9911e-1
-3.4269241e0 -1.3500046e0 -3.3026e-1 -3.3026e-1
-3.2192322e0 -1.3500046e0 -3.6424e-1 -3.6424e-1
-3.0115402e0 -1.3500046e0 -4.0013e-1 -4.0013e-1
-2.8038483e0 -1.3500046e0 -4.3605e-1 -4.3605e-1
-2.5961563e0 -1.3500046e0 -4.6887001e-1 -4.6887001e-1
-2.3884644e0 -1.3500046e0 -4.9406999e-1 -4.9406999e-1
-2.1807724e0 -1.3500046e0 -5.0657e-1 -5.0657e-1
-1.9730804e0 -1.3500046e0 -5.0229001e-1 -5.0229001e-1
-1.7653885e0 -1.3500046e0 -4.798e-1 -4.798e-1
-1.5576965e0 -1.3500046e0 -4.4112999e-1 -4.4112999e-1
-1.3500046e0 -1.3500046e0 -3.9055e-1 -3.9055e-1
-1.1423126e0 -1.3500046e0 -3.3284e-1 -3.3284e-1
-9.346207e-1 -1.3500046e0 -2.7193e-1 -2.7193e-1
-7.269287e-1 -1.3500046e0 -2.1027e-1 -2.1027e-1
-5.192367e-1 -1.3500046e0 -1.4917e-1 -1.4917e-1
-3.115447e-1 -1.3500046e0 -8.901e-2 -8.901e-2
-1.0385269e-1 -1.3500046e0 -2.959001e-2 -2.959001e-2
1.0383931e-1 -1.3500046e0 2.958e-2 2.958e-2
3.1153131e-1 -1.3500046e0 8.901e-2 8.901e-2
5.1922331e-1 -1.3500046e0 1.4917e-1 1.4917e-1
7.2691531e-1 -1.3500046e0 2.1025e-1 2.1025e-1
9.3460732e-1 -1.3500046e0 2.7193e-1 2.7193e-1
1.14229932e0 -1.3500046e0 3.3284e-1 3.3284e-1
1.3499913e0 -1.3500046e0 3.9053e-1 3.9053e-1
1.5576833e0 -1.3500046e0 4.4112999e-1 4.4112999e-1
1.7653752e0 -1.3500046e0 4.798e-1 4.798e-1
1.9730672e0 -1.3500046e0 5.0229001e-1 5.0229001e-1
2.1807591e0 -1.3500046e0 5.0657e-1 5.0657e-1
2.3884511e0 -1.3500046e0 4.9406999e-1 4.9406999e-1
2.596143e0 -1.3500046e0 4.6887001e-1 4.6887001e-1
2.803835e0 -1.3500046e0 4.3605e-1 4.3605e-1
3.011527e0 -1.3500046e0 4.0013e-1 4.0013e-1
3.2192189e0 -1.3500046e0 3.6424e-1 3.6424e-1
3.4269109e0 -1.3500046e0 3.3028e-1 3.3028e-1
3.6346028e0 -1.3500046e0 2.9911e-1 2.9911e-1
3.8422948e0 -1.3500046e0 2.7106e-1 2.7106e-1
4.0499867e0 -1.3500046e0 2.4609e-1 2.4609e-1

-4.05e0 -1.1423126e0 -2.6370999e-1 -2.6370999e-1
-3.842308e0 -1.1423126e0 -2.9334001e-1 -2.9334001e-1
-3.6346161e0 -1.1423126e0 -3.2753001e-1 -3.2753001e-1
-3.4269241e0 -1.1423126e0 -3.6679001e-1 -3.6679001e-1
-3.2192322e0 -1.1423126e0 -4.1137999e-1 -4.1137999e-1
-3.0115402e0 -1.1423126e0 -4.6084999e-1 -4.6084999e-1
-2.8038483e0 -1.1423126e0 -5.1343001e-1 -5.1343001e-1
-2.5961563e0 -1.1423126e0 -5.6495001e-1 -5.6495001e-1
-2.3884644e0 -1.1423126e0 -6.0829e-1 -6.0829e-1
-2.1807724e0 -1.1423126e0 -6.3392e-1 -6.3392e-1
-1.9730804e0 -1.1423126e0 -6.3328e-1 -6.3328e-1
-1.7653885e0 -1.1423126e0 -6.0339e-1 -6.0339e-1
-1.5576965e0 -1.1423126e0 -5.4876001e-1 -5.4876001e-1
-1.3500046e0 -1.1423126e0 -4.7833e-1 -4.7833e-1
-1.1423126e0 -1.1423126e0 -4.0097e-1 -4.0097e-1
-9.346207e-1 -1.1423126e0 -3.2265e-1 -3.2265e-1
-7.269287e-1 -1.1423126e0 -2.4642e-1 -2.4642e-1
-5.192367e-1 -1.1423126e0 -1.7318001e-1 -1.7318001e-1
-3.115447e-1 -1.1423126e0 -1.0268999e-1 -1.0268999e-1
-1.0385269e-1 -1.1423126e0 -3.403e-2 -3.403e-2
1.0383931e-1 -1.1423126e0 3.403e-2 3.403e-2
3.1153131e-1 -1.1423126e0 1.0268999e-1 1.0268999e-1
5.1922331e-1 -1.1423126e0 1.7318001e-1 1.7318001e-1
7.2691531e-1 -1.1423126e0 2.4642e-1 2.4642e-1
9.3460732e-1 -1.1423126e0 3.2265e-1 3.2265e-1
1.14229932e0 -1.1423126e0 4.0097e-1 4.0097e-1
1.3499913e0 -1.1423126e0 4.7833e-1 4.7833e-1
1.5576833e0 -1.1423126e0 5.4874e-1 5.4874e-1
1.7653752e0 -1.1423126e0 6.0339e-1 6.0339e-1
1.9730672e0 -1.1423126e0 6.3328e-1 6.3328e-1
2.1807591e0 -1.1423126e0 6.3392e-1 6.3392e-1
2.3884511e0 -1.1423126e0 6.0831e-1 6.0831e-1
2.596143e0 -1.1423126e0 5.6495001e-1 5.6495001e-1
2.803835e0 -1.1423126e0 5.1343001e-1 5.1343001e-1
3.011527e0 -1.1423126e0 4.6084999e-1 4.6084999e-1
3.2192189e0 -1.1423126e0 4.1137999e-1 4.1137999e-1
3.4269109e0 -1.1423126e0 3.6679001e-1 3.6679001e-1
3.6346028e0 -1.1423126e0 3.2753001e-1 3.2753001e-1
3.8422948e0 -1.1423126e0 2.9334001e-1 2.9334001e-1
4.0499867e0 -1.1423126e0 2.6370999e-1 2.6370999e-1

-4.05e0 -9.346207e-1 -2.805e-1 -2.805e-1
-3.842308e0 -9.346207e-1 -3.1505e-1 -3.1505e-1
-3.6346161e0 -9.346207e-1 -3.5602e-1 -3.5602e-1
-3.4269241e0 -9.346207e-1 -4.0464e-1 -4.0464e-1
-3.2192322e0 -9.346207e-1 -4.6234e-1 -4.6234e-1
-3.0115402e0 -9.346207e-1 -5.2995001e-1 -5.2995001e-1
-2.8038483e0 -9.346207e-1 -6.0687e-1 -6.0687e-1
-2.5961563e0 -9.346207e-1 -6.8887e-1 -6.8887e-1
-2.3884644e0 -9.346207e-1 -7.6517e-1 -7.6517e-1
-2.1807724e0 -9.346207e-1 -8.1697e-1 -8.1697e-1
-1.9730804e0 -9.346207e-1 -8.2449e-1 -8.2449e-1
-1.7653885e0 -9.346207e-1 -7.8005e-1 -7.8005e-1
-1.5576965e0 -9.346207e-1 -6.9528e-1 -6.9528e-1
-1.3500046e0 -9.346207e-1 -5.9087999e-1 -5.9087999e-1
-1.1423126e0 -9.346207e-1 -4.8331001e-1 -4.8331001e-1
-9.346207e-1 -9.346207e-1 -3.8092e-1 -3.8092e-1
-7.269287e-1 -9.346207e-1 -2.863e-1 -2.863e-1
-5.192367e-1 -9.346207e-1 -1.9894e-1 -1.9894e-1
-3.115447e-1 -9.346207e-1 -1.1709e-1 -1.1709e-1
-1.0385269e-1 -9.346207e-1 -3.866e-2 -3.866e-2
1.0383931e-1 -9.346207e-1 3.865e-2 3.865e-2
3.1153131e-1 -9.346207e-1 1.1709e-1 1.1709e-1
5.1922331e-1 -9.346207e-1 1.9893e-1 1.9893e-1
7.2691531e-1 -9.346207e-1 2.8629e-1 2.8629e-1
9.3460732e-1 -9.346207e-1 3.8091e-1 3.8091e-1
1.14229932e0 -9.346207e-1 4.8329001e-1 4.8329001e-1
1.3499913e0 -9.346207e-1 5.9086e-1 5.9086e-1
1.5576833e0 -9.346207e-1 6.9528e-1 6.9528e-1
1.7653752e0 -9.346207e-1 7.8005e-1 7.8005e-1
1.9730672e0 -9.346207e-1 8.2449e-1 8.2449e-1
2.1807591e0 -9.346207e-1 8.1697e-1 8.1697e-1
2.3884511e0 -9.346207e-1 7.6517e-1 7.6517e-1
2.596143e0 -9.346207e-1 6.8887e-1 6.8887e-1
2.803835e0 -9.346207e-1 6.0687e-1 6.0687e-1
3.011527e0 -9.346207e-1 5.2997e-1 5.2997e-1
3.2192189e0 -9.346207e-1 4.6234e-1 4.6234e-1
3.4269109e0 -9.346207e-1 4.0465999e-1 4.0465999e-1
3.6346028e0 -9.346207e-1 3.5602e-1 3.5602e-1
3.8422948e0 -9.346207e-1 3.1505e-1 3.1505e-1
4.0499867e0 -9.346207e-1 2.805e-1 2.805e-1

-4.05e0 -7.269287e-1 -2.9565e-1 -2.9565e-1
-3.842308e0 -7.269287e-1 -3.3505e-1 -3.3505e-1
-3.6346161e0 -7.269287e-1 -3.8298001e-1 -3.8298001e-1
-3.4269241e0 -7.269287e-1 -4.4184e-1 -4.4184e-1
-3.2192322e0 -7.269287e-1 -5.1470999e-1 -5.1470999e-1
-3.0115402e0 -7.269287e-1 -6.0533e-1 -6.0533e-1
-2.8038483e0 -7.269287e-1 -7.1687e-1 -7.1687e-1
-2.5961563e0 -7.269287e-1 -8.488e-1 -8.488e-1
-2.3884644e0 -7.269287e-1 -9.883902e-1 -9.883902e-1
-2.1807724e0 -7.269287e-1 -1.09934e0 -1.09934e0
-1.9730804e0 -7.269287e-1 -1.1271101e0 -1.1271101e0
-1.7653885e0 -7.269287e-1 -1.0484401e0 -1.0484401e0
-1.5576965e0 -7.269287e-1 -8.998102e-1 -8.998102e-1
-1.3500046e0 -7.269287e-1 -7.337701e-1 -7.337701e-1
-1.1423126e0 -7.269287e-1 -5.7939e-1 -5.7939e-1
-9.346207e-1 -7.269287e-1 -4.4458e-1 -4.4458e-1
-7.269287e-1 -7.269287e-1 -3.278e-1 -3.278e-1
-5.192367e-1 -7.269287e-1 -2.2482e-1 -2.2482e-1
-3.115447e-1 -7.269287e-1 -1.313e-1 -1.313e-1
-1.0385269e-1 -7.269287e-1 -4.319e-2 -4.319e-2
1.0383931e-1 -7.269287e-1 4.319e-2 4.319e-2
3.1153131e-1 -7.269287e-1 1.3129e-1 1.3129e-1
5.1922331e-1 -7.269287e-1 2.2482e-1 2.2482e-1
7.2691531e-1 -7.269287e-1 3.2777e-1 3.2777e-1
9.3460732e-1 -7.269287e-1 4.4457e-1 4.4457e-1
1.14229932e0 -7.269287e-1 5.7937e-1 5.7937e-1
1.3499913e0 -7.269287e-1 7.3378e-1 7.3378e-1
1.5576833e0 -7.269287e-1 8.998102e-1 8.998102e-1
1.7653752e0 -7.269287e-1 1.04843e0 1.04843e0
1.9730672e0 -7.269287e-1 1.1271101e0 1.1271101e0
2.1807591e0 -7.269287e-1 1.09934e0 1.09934e0
2.3884511e0 -7.269287e-1 9.883902e-1 9.883902e-1
2.596143e0 -7.269287e-1 8.488e-1 8.488e-1
2.803835e0 -7.269287e-1 7.1688e-1 7.1688e-1
3.011527e0 -7.269287e-1 6.0533e-1 6.0533e-1
3.2192189e0 -7.269287e-1 5.1473e-1 5.1473e-1
3.4269109e0 -7.269287e-1 4.4184e-1 4.4184e-1
3.6346028e0 -7.269287e-1 3.8298001e-1 3.8298001e-1
3.8422948e0 -7.269287e-1 3.3505e-1 3.3505e-1
4.0499867e0 -7.269287e-1 2.9565e-1 2.9565e-1

-4.05e0 -5.192367e-1 -3.0818e-1 -3.0818e-1
-3.842308e0 -5.192367e-1 -3.5195999e-1 -3.5195999e-1
-3.6346161e0 -5.192367e-1 -4.0632e-1 -4.0632e-1
-3.4269241e0 -5.192367e-1 -4.7514001e-1 -4.7514001e-1
-3.2192322e0 -5.192367e-1 -5.6395999e-1 -5.6395999e-1
-3.0115402e0 -5.192367e-1 -6.8101e-1 -6.8101e-1
-2.8038483e0 -5.192367e-1 -8.379501e-1 -8.379501e-1
-2.5961563e0 -5.192367e-1 -1.0488e0 -1.0488e0
-2.3884644e0 -5.192367e-1 -1.31591e0 -1.31591e0
-2.1807724e0 -5.192367e-1 -1.58143e0 -1.58143e0
-1.9730804e0 -5.192367e-1 -1.67383e0 -1.67383e0
-1.7653885e0 -5.192367e-1 -1.4919101e0 -1.4919101e0
-1.5576965e0 -5.192367e-1 -1.1878601e0 -1.1878601e0
-1.3500046e0 -5.192367e-1 -9.071202e-1 -9.071202e-1
-1.1423126e0 -5.192367e-1 -6.8342e-1 -6.8342e-1
-9.346207e-1 -5.192367e-1 -5.0821e-1 -5.0821e-1
-7.269287e-1 -5.192367e-1 -3.6709999e-1 -3.6709999e-1
-5.192367e-1 -5.192367e-1 -2.485e-1 -2.485e-1
-3.115447e-1 -5.192367e-1 -1.44e-1 -1.44e-1
-1.0385269e-1 -5.192367e-1 -4.718e-2 -4.718e-2
1.0383931e-1 -5.192367e-1 4.718e-2 4.718e-2
3.1153131e-1 -5.192367e-1 1.4398999e-1 1.4398999e-1
5.1922331e-1 -5.192367e-1 2.485e-1 2.485e-1
7.2691531e-1 -5.192367e-1 3.6709e-1 3.6709e-1
9.3460732e-1 -5.192367e-1 5.0819e-1 5.0819e-1
1.14229932e0 -5.192367e-1 6.8340001e-1 6.8340001e-1
1.3499913e0 -5.192367e-1 9.070201e-1 9.070201e-1
1.5576833e0 -5.192367e-1 1.1878601e0 1.1878601e0
1.7653752e0 -5.192367e-1 1.4919101e0 1.4919101e0
1.9730672e0 -5.192367e-1 1.67383e0 1.67383e0
2.1807591e0 -5.192367e-1 1.58143e0 1.58143e0
2.3884511e0 -5.192367e-1 1.31571e0 1.31571e0
2.596143e0 -5.192367e-1 1.0488e0 1.0488e0
2.803835e0 -5.192367e-1 8.379501e-1 8.379501e-1
3.011527e0 -5.192367e-1 6.8103e-1 6.8103e-1
3.2192189e0 -5.192367e-1 5.6395999e-1 5.6395999e-1
3.4269109e0 -5.192367e-1 4.7515001e-1 4.7515001e-1
3.6346028e0 -5.192367e-1 4.0634001e-1 4.0634001e-1
3.8422948e0 -5.192367e-1 3.5197e-1 3.5197e-1
4.0499867e0 -5.192367e-1 3.0818e-1 3.0818e-1

-4.05e0 -3.115447e-1 -3.172e-1 -3.172e-1
-3.842308e0 -3.115447e-1 -3.6427e-1 -3.6427e-1
-3.6346161e0 -3.115447e-1 -4.2375e-1 -4.2375e-1
-3.4269241e0 -3.115447e-1 -5.0071999e-1 -5.0071999e-1
-3.2192322e0 -3.115447e-1 -6.0341e-1 -6.0341e-1
-3.0115402e0 -3.115447e-1 -7.4565e-1 -7.4565e-1
-2.8038483e0 -3.115447e-1 -9.5227e-1 -9.5227e-1
-2.5961563e0 -3.115447e-1 -1.26963e0 -1.26963e0
-2.3884644e0 -3.115447e-1 -1.7809001e0 -1.7809001e0
-2.1807724e0 -3.115447e-1 -2.5377701e0 -2.5377701e0
-1.9730804e0 -3.115447e-1 -2.9470801e0 -2.9470801e0
-1.7653885e0 -3.115447e-1 -2.2994402e0 -2.2994402e0
-1.5576965e0 -3.115447e-1 -1.5682901e0 -1.5682901e0
-1.3500046e0 -3.115447e-1 -1.09007e0 -1.09007e0
-1.1423126e0 -3.115447e-1 -7.792e-1 -7.792e-1
-9.346207e-1 -3.115447e-1 -5.6204001e-1 -5.6204001e-1
-7.269287e-1 -3.115447e-1 -3.9864e-1 -3.9864e-1
-5.192367e-1 -3.115447e-1 -2.6692e-1 -2.6692e-1
-3.115447e-1 -3.115447e-1 -1.5368999e-1 -1.5368999e-1
-1.0385269e-1 -3.115447e-1 -5.022e-2 -5.022e-2
1.0383931e-1 -3.115447e-1 5.022e-2 5.022e-2
3.1153131e-1 -3.115447e-1 1.5367e-1 1.5367e-1
5.1922331e-1 -3.115447e-1 2.6691e-1 2.6691e-1
7.2691531e-1 -3.115447e-1 3.9864e-1 3.9864e-1
9.3460732e-1 -3.115447e-1 5.6204001e-1 5.6204001e-1
1.14229932e0 -3.115447e-1 7.792e-1 7.792e-1
1.3499913e0 -3.115447e-1 1.09007e0 1.09007e0
1.5576833e0 -3.115447e-1 1.5682901e0 1.5682901e0
1.7653752e0 -3.115447e-1 2.29932e0 2.29932e0
1.9730672e0 -3.115447e-1 2.9470702e0 2.9470702e0
2.1807591e0 -3.115447e-1 2.5377701e0 2.5377701e0
2.3884511e0 -3.115447e-1 1.7809001e0 1.7809001e0
2.596143e0 -3.115447e-1 1.26963e0 1.26963e0
2.803835e0 -3.115447e-1 9.5227e-1 9.5227e-1
3.011527e0 -3.115447e-1 7.4566e-1 7.4566e-1
3.2192189e0 -3.115447e-1 6.0341e-1 6.0341e-1
3.4269109e0 -3.115447e-1 5.0071999e-1 5.0071999e-1
3.6346028e0 -3.115447e-1 4.2377e-1 4.2377e-1
3.8422948e0 -3.115447e-1 3.6429001e-1 3.6429001e-1
4.0499867e0 -3.115447e-1 3.172e-1 3.172e-1

-4.05e0 -1.0385269e-1 -3.2190999e-1 -3.2190999e-1
-3.842308e0 -1.0385269e-1 -3.7081e-1 -3.7081e-1
-3.6346161e0 -1.0385269e-1 -4.3309e-1 -4.3309e-1
-3.4269241e0 -1.0385269e-1 -5.1473001e-1 -5.1473001e-1
-3.2192322e0 -1.0385269e-1 -6.2567e-1 -6.2567e-1
-3.0115402e0 -1.0385269e-1 -7.8393e-1 -7.8393e-1
-2.8038483e0 -1.0385269e-1 -1.0256902e0 -1.0256902e0
-2.5961563e0 -1.0385269e-1 -1.4349901e0 -1.4349901e0
-2.3884644e0 -1.0385269e-1 -2.2591e0 -2.2591e0
-2.1807724e0 -1.0385269e-1 nan nan
-1.9730804e0 -1.0385269e-1 nan nan
-1.7653885e0 -1.0385269e-1 -3.63223e0 -3.63223e0
-1.5576965e0 -1.0385269e-1 -1.92014e0 -1.92014e0
-1.3500046e0 -1.0385269e-1 -1.22084e0 -1.22084e0
-1.1423126e0 -1.0385269e-1 -8.394301e-1 -8.394301e-1
-9.346207e-1 -1.0385269e-1 -5.9365e-1 -5.9365e-1
-7.269287e-1 -1.0385269e-1 -4.1643999e-1 -4.1643999e-1
-5.192367e-1 -1.0385269e-1 -2.7706e-1 -2.7706e-1
-3.115447e-1 -1.0385269e-1 -1.5899e-1 -1.5899e-1
-1.0385269e-1 -1.0385269e-1 -5.185e-2 -5.185e-2
1.0383931e-1 -1.0385269e-1 5.186e-2 5.186e-2
3.1153131e-1 -1.0385269e-1 1.5895e-1 1.5895e-1
5.1922331e-1 -1.0385269e-1 2.7706e-1 2.7706e-1
7.2691531e-1 -1.0385269e-1 4.1645e-1 4.1645e-1
9.3460732e-1 -1.0385269e-1 5.9364e-1 5.9364e-1
1.14229932e0 -1.0385269e-1 8.393301e-1 8.393301e-1
1.3499913e0 -1.0385269e-1 1.2208301e0 1.2208301e0
1.5576833e0 -1.0385269e-1 1.9200401e0 1.9200401e0
1.7653752e0 -1.0385269e-1 3.6319301e0 3.6319301e0
1.9730672e0 -1.0385269e-1 nan nan
2.1807591e0 -1.0385269e-1 nan nan
2.3884511e0 -1.0385269e-1 2.2592e0 2.2592e0
2.596143e0 -1.0385269e-1 1.4349901e0 1.4349901e0
2.803835e0 -1.0385269e-1 1.0256902e0 1.0256902e0
3.011527e0 -1.0385269e-1 7.8394e-1 7.8394e-1
3.2192189e0 -1.0385269e-1 6.2569e-1 6.2569e-1
3.4269109e0 -1.0385269e-1 5.1474e-1 5.1474e-1
3.6346028e0 -1.0385269e-1 4.3309e-1 4.3309e-1
3.8422948e0 -1.0385269e-1 3.7081e-1 3.7081e-1
4.0499867e0 -1.0385269e-1 3.2190999e-1 3.2190999e-1

-4.05e0 1.0383931e-1 -3.2190999e-1 -3.2190999e-1
-3.842308e0 1.0383931e-1 -3.7081e-1 -3.7081e-1
-3.6346161e0 1.0383931e-1 -4.3309e-1 -4.3309e-1
-3.4269241e0 1.0383931e-1 -5.1473001e-1 -5.1473001e-1
-3.2192322e0 1.0383931e-1 -6.2567e-1 -6.2567e-1
-3.0115402e0 1.0383931e-1 -7.8393e-1 -7.8393e-1
-2.8038483e0 1.0383931e-1 -1.0256902e0 -1.0256902e0
-2.5961563e0 1.0383931e-1 -1.4349901e0 -1.4349901e0
-2.3884644e0 1.0383931e-1 -2.2591e0 -2.2591e0
-2.1807724e0 1.0383931e-1 nan nan
-1.9730804e0 1.0383931e-1 nan nan
-1.7653885e0 1.0383931e-1 -3.63223e0 -3.63223e0
-1.5576965e0 1.0383931e-1 -1.92014e0 -1.92014e0
-1.3500046e0 1.0383931e-1 -1.22084e0 -1.22084e0
-1.1423126e0 1.0383931e-1 -8.394301e-1 -8.394301e-1
-9.346207e-1 1.0383931e-1 -5.9368e-1 -5.9368e-1
-7.269287e-1 1.0383931e-1 -4.1643999e-1 -4.1643999e-1
-5.192367e-1 1.0383931e-1 -2.7706e-1 -2.7706e-1
-3.115447e-1 1.0383931e-1 -1.5899e-1 -1.5899e-1
-1.0385269e-1 1.0383931e-1 -5.185e-2 -5.185e-2
1.0383931e-1 1.0383931e-1 5.186e-2 5.186e-2
3.1153131e-1 1.0383931e-1 1.5895e-1 1.5895e-1
5.1922331e-1 1.0383931e-1 2.7706e-1 2.7706e-1
7.2691531e-1 1.0383931e-1 4.1645e-1 4.1645e-1
9.3460732e-1 1.0383931e-1 5.9364e-1 5.9364e-1
1.14229932e0 1.0383931e-1 8.393301e-1 8.393301e-1
1.3499913e0 1.0383931e-1 1.2208301e0 1.2208301e0
1.5576833e0 1.0383931e-1 1.9200401e0 1.9200401e0
1.7653752e0 1.0383931e-1 3.63213e0 3.63213e0
1.9730672e0 1.0383931e-1 nan nan
2.1807591e0 1.0383931e-1 nan nan
2.3884511e0 1.0383931e-1 2.2592e0 2.2592e0
2.596143e0 1.0383931e-1 1.4349901e0 1.4349901e0
2.803835e0 1.0383931e-1 1.0256902e0 1.0256902e0
3.011527e0 1.0383931e-1 7.8394e-1 7.8394e-1
3.2192189e0 1.0383931e-1 6.2569e-1 6.2569e-1
3.4269109e0 1.0383931e-1 5.1474e-1 5.1474e-1
3.6346028e0 1.0383931e-1 4.3309e-1 4.3309e-1
3.8422948e0 1.0383931e-1 3.7081e-1 3.7081e-1
4.0499867e0 1.0383931e-1 3.2190999e-1 3.2190999e-1

-4.05e0 3.1153131e-1 -3.172e-1 -3.172e-1
-3.842308e0 3.1153131e-1 -3.6427e-1 -3.6427e-1
-3.6346161e0 3.1153131e-1 -4.2375e-1 -4.2375e-1
-3.4269241e0 3.1153131e-1 -5.0071999e-1 -5.0071999e-1
-3.2192322e0 3.1153131e-1 -6.0341e-1 -6.0341e-1
-3.0115402e0 3.1153131e-1 -7.4565e-1 -7.4565e-1
-2.8038483e0 3.1153131e-1 -9.5227e-1 -9.5227e-1
-2.5961563e0 3.1153131e-1 -1.26963e0 -1.26963e0
-2.3884644e0 3.1153131e-1 -1.7809001e0 -1.7809001e0
-2.1807724e0 3.1153131e-1 -2.53797e0 -2.53797e0
-1.9730804e0 3.1153131e-1 -2.94718e0 -2.94718e0
-1.7653885e0 3.1153131e-1 -2.2994402e0 -2.2994402e0
-1.5576965e0 3.1153131e-1 -1.56839e0 -1.56839e0
-1.3500046e0 3.1153131e-1 -1.09007e0 -1.09007e0
-1.1423126e0 3.1153131e-1 -7.792e-1 -7.792e-1
-9.346207e-1 3.1153131e-1 -5.6205e-1 -5.6205e-1
-7.269287e-1 3.1153131e-1 -3.9865e-1 -3.9865e-1
-5.192367e-1 3.1153131e-1 -2.6692e-1 -2.6692e-1
-3.115447e-1 3.1153131e-1 -1.5368999e-1 -1.5368999e-1
-1.0385269e-1 3.1153131e-1 -5.022e-2 -5.022e-2
1.0383931e-1 3.1153131e-1 5.022e-2 5.022e-2
3.1153131e-1 3.1153131e-1 1.5367e-1 1.5367e-1
5.1922331e-1 3.1153131e-1 2.6691e-1 2.6691e-1
7.2691531e-1 3.1153131e-1 3.9864e-1 3.9864e-1
9.3460732e-1 3.1153131e-1 5.6204001e-1 5.6204001e-1
1.14229932e0 3.1153131e-1 7.792e-1 7.792e-1
1.3499913e0 3.1153131e-1 1.09007e0 1.09007e0
1.5576833e0 3.1153131e-1 1.5682901e0 1.5682901e0
1.7653752e0 3.1153131e-1 2.2994202e0 2.2994202e0
1.9730672e0 3.1153131e-1 2.9471701e0 2.9471701e0
2.1807591e0 3.1153131e-1 2.53797e0 2.53797e0
2.3884511e0 3.1153131e-1 1.7809001e0 1.7809001e0
2.596143e0 3.1153131e-1 1.2697299e0 1.2697299e0
2.803835e0 3.1153131e-1 9.5227e-1 9.5227e-1
3.011527e0 3.1153131e-1 7.4566e-1 7.4566e-1
3.2192189e0 3.1153131e-1 6.0341e-1 6.0341e-1
3.4269109e0 3.1153131e-1 5.0073999e-1 5.0073999e-1
3.6346028e0 3.1153131e-1 4.2377e-1 4.2377e-1
3.8422948e0 3.1153131e-1 3.6429001e-1 3.6429001e-1
4.0499867e0 3.1153131e-1 3.172e-1 3.172e-1

-4.05e0 5.1922331e-1 -3.0818e-1 -3.0818e-1
-3.842308e0 5.1922331e-1 -3.5195999e-1 -3.5195999e-1
-3.6346161e0 5.1922331e-1 -4.0632e-1 -4.0632e-1
-3.4269241e0 5.1922331e-1 -4.7514001e-1 -4.7514001e-1
-3.2192322e0 5.1922331e-1 -5.6395999e-1 -5.6395999e-1
-3.0115402e0 5.1922331e-1 -6.8103e-1 -6.8103e-1
-2.8038483e0 5.1922331e-1 -8.379501e-1 -8.379501e-1
-2.5961563e0 5.1922331e-1 -1.0488e0 -1.0488e0
-2.3884644e0 5.1922331e-1 -1.31571e0 -1.31571e0
-2.1807724e0 5.1922331e-1 -1.58143e0 -1.58143e0
-1.9730804e0 5.1922331e-1 -1.67383e0 -1.67383e0
-1.7653885e0 5.1922331e-1 -1.4919101e0 -1.4919101e0
-1.5576965e0 5.1922331e-1 -1.1878601e0 -1.1878601e0
-1.3500046e0 5.1922331e-1 -9.071202e-1 -9.071202e-1
-1.1423126e0 5.1922331e-1 -6.8342e-1 -6.8342e-1
-9.346207e-1 5.1922331e-1 -5.0821e-1 -5.0821e-1
-7.269287e-1 5.1922331e-1 -3.6709999e-1 -3.6709999e-1
-5.192367e-1 5.1922331e-1 -2.485e-1 -2.485e-1
-3.115447e-1 5.1922331e-1 -1.44e-1 -1.44e-1
-1.0385269e-1 5.1922331e-1 -4.718e-2 -4.718e-2
1.0383931e-1 5.1922331e-1 4.718e-2 4.718e-2
3.1153131e-1 5.1922331e-1 1.4398999e-1 1.4398999e-1
5.1922331e-1 5.1922331e-1 2.485e-1 2.485e-1
7.2691531e-1 5.1922331e-1 3.6709e-1 3.6709e-1
9.3460732e-1 5.1922331e-1 5.0819e-1 5.0819e-1
1.14229932e0 5.1922331e-1 6.8340001e-1 6.8340001e-1
1.3499913e0 5.1922331e-1 9.071202e-1 9.071202e-1
1.5576833e0 5.1922331e-1 1.1878601e0 1.1878601e0
1.7653752e0 5.1922331e-1 1.4919101e0 1.4919101e0
1.9730672e0 5.1922331e-1 1.67383e0 1.67383e0
2.1807591e0 5.1922331e-1 1.58143e0 1.58143e0
2.3884511e0 5.1922331e-1 1.31591e0 1.31591e0
2.596143e0 5.1922331e-1 1.0488e0 1.0488e0
2.803835e0 5.1922331e-1 8.379501e-1 8.379501e-1
3.011527e0 5.1922331e-1 6.8103e-1 6.8103e-1
3.2192189e0 5.1922331e-1 5.6395999e-1 5.6395999e-1
3.4269109e0 5.1922331e-1 4.7515001e-1 4.7515001e-1
3.6346028e0 5.1922331e-1 4.0634001e-1 4.0634001e-1
3.8422948e0 5.1922331e-1 3.5197e-1 3.5197e-1
4.0499867e0 5.1922331e-1 3.0818e-1 3.0818e-1

-4.05e0 7.2691531e-1 -2.9565e-1 -2.9565e-1
-3.842308e0 7.2691531e-1 -3.3505e-1 -3.3505e-1
-3.6346161e0 7.2691531e-1 -3.8298001e-1 -3.8298001e-1
-3.4269241e0 7.2691531e-1 -4.4184e-1 -4.4184e-1
-3.2192322e0 7.2691531e-1 -5.1470999e-1 -5.1470999e-1
-3.0115402e0 7.2691531e-1 -6.0533e-1 -6.0533e-1
-2.8038483e0 7.2691531e-1 -7.1688e-1 -7.1688e-1
-2.5961563e0 7.2691531e-1 -8.488e-1 -8.488e-1
-2.3884644e0 7.2691531e-1 -9.885901e-1 -9.885901e-1
-2.1807724e0 7.2691531e-1 -1.09934e0 -1.09934e0
-1.9730804e0 7.2691531e-1 -1.1271101e0 -1.1271101e0
-1.7653885e0 7.2691531e-1 -1.0484401e0 -1.0484401e0
-1.5576965e0 7.2691531e-1 -8.998102e-1 -8.998102e-1
-1.3500046e0 7.2691531e-1 -7.337701e-1 -7.337701e-1
-1.1423126e0 7.2691531e-1 -5.7941e-1 -5.7941e-1
-9.346207e-1 7.2691531e-1 -4.446e-1 -4.446e-1
-7.269287e-1 7.2691531e-1 -3.278e-1 -3.278e-1
-5.192367e-1 7.2691531e-1 -2.2483e-1 -2.2483e-1
-3.115447e-1 7.2691531e-1 -1.313e-1 -1.313e-1
-1.0385269e-1 7.2691531e-1 -4.319e-2 -4.319e-2
1.0383931e-1 7.2691531e-1 4.319e-2 4.319e-2
3.1153131e-1 7.2691531e-1 1.3129e-1 1.3129e-1
5.1922331e-1 7.2691531e-1 2.2482e-1 2.2482e-1
7.2691531e-1 7.2691531e-1 3.278e-1 3.278e-1
9.3460732e-1 7.2691531e-1 4.4458e-1 4.4458e-1
1.14229932e0 7.2691531e-1 5.7939e-1 5.7939e-1
1.3499913e0 7.2691531e-1 7.3378e-1 7.3378e-1
1.5576833e0 7.2691531e-1 8.998102e-1 8.998102e-1
1.7653752e0 7.2691531e-1 1.04843e0 1.04843e0
1.9730672e0 7.2691531e-1 1.1271101e0 1.1271101e0
2.1807591e0 7.2691531e-1 1.09934e0 1.09934e0
2.3884511e0 7.2691531e-1 9.883902e-1 9.883902e-1
2.596143e0 7.2691531e-1 8.488e-1 8.488e-1
2.803835e0 7.2691531e-1 7.1688e-1 7.1688e-1
3.011527e0 7.2691531e-1 6.0535e-1 6.0535e-1
3.2192189e0 7.2691531e-1 5.1473e-1 5.1473e-1
3.4269109e0 7.2691531e-1 4.4184e-1 4.4184e-1
3.6346028e0 7.2691531e-1 3.8298001e-1 3.8298001e-1
3.8422948e0 7.2691531e-1 3.3505e-1 3.3505e-1
4.0499867e0 7.2691531e-1 2.9565e-1 2.9565e-1

-4.05e0 9.3460732e-1 -2.805e-1 -2.805e-1
-3.842308e0 9.3460732e-1 -3.1505e-1 -3.1505e-1
-3.6346161e0 9.3460732e-1 -3.5602e-1 -3.5602e-1
-3.4269241e0 9.3460732e-1 -4.0464e-1 -4.0464e-1
-3.2192322e0 9.3460732e-1 -4.6234e-1 -4.6234e-1
-3.0115402e0 9.3460732e-1 -5.2997e-1 -5.2997e-1
-2.8038483e0 9.3460732e-1 -6.0687e-1 -6.0687e-1
-2.5961563e0 9.3460732e-1 -6.8887e-1 -6.8887e-1
-2.3884644e0 9.3460732e-1 -7.6517e-1 -7.6517e-1
-2.1807724e0 9.3460732e-1 -8.171701e-1 -8.171701e-1
-1.9730804e0 9.3460732e-1 -8.2449e-1 -8.2449e-1
-1.7653885e0 9.3460732e-1 -7.8005e-1 -7.8005e-1
-1.5576965e0 9.3460732e-1 -6.9528e-1 -6.9528e-1
-1.3500046e0 9.3460732e-1 -5.909e-1 -5.909e-1
-1.1423126e0 9.3460732e-1 -4.8331001e-1 -4.8331001e-1
-9.346207e-1 9.3460732e-1 -3.8092e-1 -3.8092e-1
-7.269287e-1 9.3460732e-1 -2.863e-1 -2.863e-1
-5.192367e-1 9.3460732e-1 -1.9894e-1 -1.9894e-1
-3.115447e-1 9.3460732e-1 -1.1709e-1 -1.1709e-1
-1.0385269e-1 9.3460732e-1 -3.866e-2 -3.866e-2
1.0383931e-1 9.3460732e-1 3.865e-2 3.865e-2
3.1153131e-1 9.3460732e-1 1.1709e-1 1.1709e-1
5.1922331e-1 9.3460732e-1 1.9894e-1 1.9894e-1
7.2691531e-1 9.3460732e-1 2.863e-1 2.863e-1
9.3460732e-1 9.3460732e-1 3.8092e-1 3.8092e-1
1.14229932e0 9.3460732e-1 4.8331001e-1 4.8331001e-1
1.3499913e0 9.3460732e-1 5.9088e-1 5.9088e-1
1.5576833e0 9.3460732e-1 6.9526001e-1 6.9526001e-1
1.7653752e0 9.3460732e-1 7.8003e-1 7.8003e-1
1.9730672e0 9.3460732e-1 8.2449e-1 8.2449e-1
2.1807591e0 9.3460732e-1 8.171701e-1 8.171701e-1
2.3884511e0 9.3460732e-1 7.6517e-1 7.6517e-1
2.596143e0 9.3460732e-1 6.8887e-1 6.8887e-1
2.803835e0 9.3460732e-1 6.0687e-1 6.0687e-1
3.011527e0 9.3460732e-1 5.2997e-1 5.2997e-1
3.2192189e0 9.3460732e-1 4.6236e-1 4.6236e-1
3.4269109e0 9.3460732e-1 4.0465999e-1 4.0465999e-1
3.6346028e0 9.3460732e-1 3.5602e-1 3.5602e-1
3.8422948e0 9.3460732e-1 3.1506999e-1 3.1506999e-1
4.0499867e0 9.3460732e-1 2.8051e-1 2.8051e-1

-4.05e0 1.14229932e0 -2.6370999e-1 -2.6370999e-1
-3.842308e0 1.14229932e0 -2.9334001e-1 -2.9334001e-1
-3.6346161e0 1.14229932e0 -3.2753001e-1 -3.2753001e-1
-3.4269241e0 1.14229932e0 -3.6679001e-1 -3.6679001e-1
-3.2192322e0 1.14229932e0 -4.1137999e-1 -4.1137999e-1
-3.0115402e0 1.14229932e0 -4.6084999e-1 -4.6084999e-1
-2.8038483e0 1.14229932e0 -5.1341e-1 -5.1341e-1
-2.5961563e0 1.14229932e0 -5.6496e-1 -5.6496e-1
-2.3884644e0 1.14229932e0 -6.0831e-1 -6.0831e-1
-2.1807724e0 1.14229932e0 -6.3394e-1 -6.3394e-1
-1.9730804e0 1.14229932e0 -6.333e-1 -6.333e-1
-1.7653885e0 1.14229932e0 -6.034e-1 -6.034e-1
-1.5576965e0 1.14229932e0 -5.4876001e-1 -5.4876001e-1
-1.3500046e0 1.14229932e0 -4.7835e-1 -4.7835e-1
-1.1423126e0 1.14229932e0 -4.0097e-1 -4.0097e-1
-9.346207e-1 1.14229932e0 -3.2266e-1 -3.2266e-1
-7.269287e-1 1.14229932e0 -2.4642e-1 -2.4642e-1
-5.192367e-1 1.14229932e0 -1.7318001e-1 -1.7318001e-1
-3.115447e-1 1.14229932e0 -1.0268999e-1 -1.0268999e-1
-1.0385269e-1 1.14229932e0 -3.403e-2 -3.403e-2
1.0383931e-1 1.14229932e0 3.403e-2 3.403e-2
3.1153131e-1 1.14229932e0 1.0268999e-1 1.0268999e-1
5.1922331e-1 1.14229932e0 1.7318001e-1 1.7318001e-1
7.2691531e-1 1.14229932e0 2.4642e-1 2.4642e-1
9.3460732e-1 1.14229932e0 3.2265e-1 3.2265e-1
1.14229932e0 1.14229932e0 4.0097e-1 4.0097e-1
1.3499913e0 1.14229932e0 4.7833e-1 4.7833e-1
1.5576833e0 1.14229932e0 5.4876001e-1 5.4876001e-1
1.7653752e0 1.14229932e0 6.034e-1 6.034e-1
1.9730672e0 1.14229932e0 6.333e-1 6.333e-1
2.1807591e0 1.14229932e0 6.3394e-1 6.3394e-1
2.3884511e0 1.14229932e0 6.0831e-1 6.0831e-1
2.596143e0 1.14229932e0 5.6496e-1 5.6496e-1
2.803835e0 1.14229932e0 5.1343001e-1 5.1343001e-1
3.011527e0 1.14229932e0 4.6084999e-1 4.6084999e-1
3.2192189e0 1.14229932e0 4.1137999e-1 4.1137999e-1
3.4269109e0 1.14229932e0 3.6679001e-1 3.6679001e-1
3.6346028e0 1.14229932e0 3.2753001e-1 3.2753001e-1
3.8422948e0 1.14229932e0 2.9334001e-1 2.9334001e-1
4.0499867e0 1.14229932e0 2.6370999e-1 2.6370999e-1

-4.05e0 1.3499913e0 -2.4609e-1 -2.4609e-1
-3.842308e0 1.3499913e0 -2.7106e-1 -2.7106e-1
-3.6346161e0 1.3499913e0 -2.9911e-1 -2.9911e-1
-3.4269241e0 1.3499913e0 -3.3028e-1 -3.3028e-1
-3.2192322e0 1.3499913e0 -3.6424e-1 -3.6424e-1
-3.0115402e0 1.3499913e0 -4.0013e-1 -4.0013e-1
-2.8038483e0 1.3499913e0 -4.3605e-1 -4.3605e-1
-2.5961563e0 1.3499913e0 -4.6887001e-1 -4.6887001e-1
-2.3884644e0 1.3499913e0 -4.9406999e-1 -4.9406999e-1
-2.1807724e0 1.3499913e0 -5.0658e-1 -5.0658e-1
-1.9730804e0 1.3499913e0 -5.0231e-1 -5.0231e-1
-1.7653885e0 1.3499913e0 -4.7981e-1 -4.7981e-1
-1.5576965e0 1.3499913e0 -4.4112999e-1 -4.4112999e-1
-1.3500046e0 1.3499913e0 -3.9055e-1 -3.9055e-1
-1.1423126e0 1.3499913e0 -3.3285e-1 -3.3285e-1
-9.346207e-1 1.3499913e0 -2.7193e-1 -2.7193e-1
-7.269287e-1 1.3499913e0 -2.1027e-1 -2.1027e-1
-5.192367e-1 1.3499913e0 -1.4917e-1 -1.4917e-1
-3.115447e-1 1.3499913e0 -8.901e-2 -8.901e-2
-1.0385269e-1 1.3499913e0 -2.958e-2 -2.958e-2
1.0383931e-1 1.3499913e0 2.958e-2 2.958e-2
3.1153131e-1 1.3499913e0 8.901e-2 8.901e-2
5.1922331e-1 1.3499913e0 1.4917e-1 1.4917e-1
7.2691531e-1 1.3499913e0 2.1025e-1 2.1025e-1
9.3460732e-1 1.3499913e0 2.7193e-1 2.7193e-1
1.14229932e0 1.3499913e0 3.3283e-1 3.3283e-1
1.3499913e0 1.3499913e0 3.9055e-1 3.9055e-1
1.5576833e0 1.3499913e0 4.4112999e-1 4.4112999e-1
1.7653752e0 1.3499913e0 4.7981e-1 4.7981e-1
1.9730672e0 1.3499913e0 5.0231e-1 5.0231e-1
2.1807591e0 1.3499913e0 5.0658e-1 5.0658e-1
2.3884511e0 1.3499913e0 4.9406999e-1 4.9406999e-1
2.596143e0 1.3499913e0 4.6887001e-1 4.6887001e-1
2.803835e0 1.3499913e0 4.3605e-1 4.3605e-1
3.011527e0 1.3499913e0 4.0013e-1 4.0013e-1
3.2192189e0 1.3499913e0 3.6424e-1 3.6424e-1
3.4269109e0 1.3499913e0 3.3028e-1 3.3028e-1
3.6346028e0 1.3499913e0 2.9911e-1 2.9911e-1
3.8422948e0 1.3499913e0 2.7106e-1 2.7106e-1
4.0499867e0 1.3499913e0 2.4609e-1 2.4609e-1

-4.05e0 1.5576833e0 -2.2835e-1 -2.2835e-1
-3.842308e0 1.5576833e0 -2.4911e-1 -2.4911e-1
-3.6346161e0 1.5576833e0 -2.7184e-1 -2.7184e-1
-3.4269241e0 1.5576833e0 -2.9628e-1 -2.9628e-1
-3.2192322e0 1.5576833e0 -3.2193999e-1 -3.2193999e-1
-3.0115402e0 1.5576833e0 -3.4787e-1 -3.4787e-1
-2.8038483e0 1.5576833e0 -3.7249e-1 -3.7249e-1
-2.5961563e0 1.5576833e0 -3.9353e-1 -3.9353e-1
-2.3884644e0 1.5576833e0 -4.0816e-1 -4.0816e-1
-2.1807724e0 1.5576833e0 -4.1356e-1 -4.1356e-1
-1.9730804e0 1.5576833e0 -4.0756e-1 -4.0756e-1
-1.7653885e0 1.5576833e0 -3.8943001e-1 -3.8943001e-1
-1.5576965e0 1.5576833e0 -3.6008e-1 -3.6008e-1
-1.3500046e0 1.5576833e0 -3.2179001e-1 -3.2179001e-1
-1.1423126e0 1.5576833e0 -2.7723e-1 -2.7723e-1
-9.346207e-1 1.5576833e0 -2.2891e-1 -2.2891e-1
-7.269287e-1 1.5576833e0 -1.7865e-1 -1.7865e-1
-5.192367e-1 1.5576833e0 -1.2767e-1 -1.2767e-1
-3.115447e-1 1.5576833e0 -7.656001e-2 -7.656001e-2
-1.0385269e-1 1.5576833e0 -2.55e-2 -2.55e-2
1.0383931e-1 1.5576833e0 2.55e-2 2.55e-2
3.1153131e-1 1.5576833e0 7.656001e-2 7.656001e-2
5.1922331e-1 1.5576833e0 1.2765999e-1 1.2765999e-1
7.2691531e-1 1.5576833e0 1.7865e-1 1.7865e-1
9.3460732e-1 1.5576833e0 2.2891e-1 2.2891e-1
1.14229932e0 1.5576833e0 2.7723e-1 2.7723e-1
1.3499913e0 1.5576833e0 3.2178e-1 3.2178e-1
1.5576833e0 1.5576833e0 3.6008e-1 3.6008e-1
1.7653752e0 1.5576833e0 3.8943001e-1 3.8943001e-1
1.9730672e0 1.5576833e0 4.0756e-1 4.0756e-1
2.1807591e0 1.5576833e0 4.1356e-1 4.1356e-1
2.3884511e0 1.5576833e0 4.0816e-1 4.0816e-1
2.596143e0 1.5576833e0 3.9353e-1 3.9353e-1
2.803835e0 1.5576833e0 3.7249e-1 3.7249e-1
3.011527e0 1.5576833e0 3.4787e-1 3.4787e-1
3.2192189e0 1.5576833e0 3.2193999e-1 3.2193999e-1
3.4269109e0 1.5576833e0 2.9628e-1 2.9628e-1
3.6346028e0 1.5576833e0 2.7184e-1 2.7184e-1
3.8422948e0 1.5576833e0 2.4911e-1 2.4911e-1
4.0499867e0 1.5576833e0 2.2835e-1 2.2835e-1

-4.05e0 1.7653752e0 -2.1096e-1 -2.1096e-1
-3.842308e0 1.7653752e0 -2.2806999e-1 -2.2806999e-1
-3.6346161e0 1.7653752e0 -2.4629e-1 -2.4629e-1
-3.4269241e0 1.7653752e0 -2.6531e-1 -2.6531e-1
-3.2192322e0 1.7653752e0 -2.846e-1 -2.846e-1
-3.0115402e0 1.7653752e0 -3.0329001e-1 -3.0329001e-1
-2.8038483e0 1.7653752e0 -3.2014e-1 -3.2014e-1
-2.5961563e0 1.7653752e0 -3.3356999e-1 -3.3356999e-1
-2.3884644e0 1.7653752e0 -3.4181e-1 -3.4181e-1
-2.1807724e0 1.7653752e0 -3.4315e-1 -3.4315e-1
-1.9730804e0 1.7653752e0 -3.3638e-1 -3.3638e-1
-1.7653885e0 1.7653752e0 -3.2106e-1 -3.2106e-1
-1.5576965e0 1.7653752e0 -2.9768001e-1 -2.9768001e-1
-1.3500046e0 1.7653752e0 -2.6749e-1 -2.6749e-1
-1.1423126e0 1.7653752e0 -2.3205e-1 -2.3205e-1
-9.346207e-1 1.7653752e0 -1.9289e-1 -1.9289e-1
-7.269287e-1 1.7653752e0 -1.5163e-1 -1.5163e-1
-5.192367e-1 1.7653752e0 -1.0893e-1 -1.0893e-1
-3.115447e-1 1.7653752e0 -6.555e-2 -6.555e-2
-1.0385269e-1 1.7653752e0 -2.188e-2 -2.188e-2
1.0383931e-1 1.7653752e0 2.188e-2 2.188e-2
3.1153131e-1 1.7653752e0 6.555e-2 6.555e-2
5.1922331e-1 1.7653752e0 1.0891e-1 1.0891e-1
7.2691531e-1 1.7653752e0 1.5163e-1 1.5163e-1
9.3460732e-1 1.7653752e0 1.9299e-1 1.9299e-1
1.14229932e0 1.7653752e0 2.3205e-1 2.3205e-1
1.3499913e0 1.7653752e0 2.6749e-1 2.6749e-1
1.5576833e0 1.7653752e0 2.9768001e-1 2.9768001e-1
1.7653752e0 1.7653752e0 3.2106e-1 3.2106e-1
1.9730672e0 1.7653752e0 3.3638e-1 3.3638e-1
2.1807591e0 1.7653752e0 3.4315e-1 3.4315e-1
2.3884511e0 1.7653752e0 3.4181e-1 3.4181e-1
2.596143e0 1.7653752e0 3.3359e-1 3.3359e-1
2.803835e0 1.7653752e0 3.2014e-1 3.2014e-1
3.011527e0 1.7653752e0 3.0329001e-1 3.0329001e-1
3.2192189e0 1.7653752e0 2.846e-1 2.846e-1
3.4269109e0 1.7653752e0 2.6532e-1 2.6532e-1
3.6346028e0 1.7653752e0 2.4629e-1 2.4629e-1
3.8422948e0 1.7653752e0 2.2806999e-1 2.2806999e-1
4.0499867e0 1.7653752e0 2.1096e-1 2.1096e-1

-4.05e0 1.9730672e0 -1.9432e-1 -1.9432e-1
-3.842308e0 1.9730672e0 -2.0828e-1 -2.0828e-1
-3.6346161e0 1.9730672e0 -2.2279e-1 -2.2279e-1
-3.4269241e0 1.9730672e0 -2.3752e-1 -2.3752e-1
-3.2192322e0 1.9730672e0 -2.5193999e-1 -2.5193999e-1
-3.0115402e0 1.9730672e0 -2.6533e-1 -2.6533e-1
-2.8038483e0 1.9730672e0 -2.7681e-1 -2.7681e-1
-2.5961563e0 1.9730672e0 -2.8520999e-1 -2.8520999e-1
-2.3884644e0 1.9730672e0 -2.8945999e-1 -2.8945999e-1
-2.1807724e0 1.9730672e0 -2.8840001e-1 -2.8840001e-1
-1.9730804e0 1.9730672e0 -2.8134001e-1 -2.8134001e-1
-1.7653885e0 1.9730672e0 -2.6805e-1 -2.6805e-1
-1.5576965e0 1.9730672e0 -2.4875e-1 -2.4875e-1
-1.3500046e0 1.9730672e0 -2.2416e-1 -2.2416e-1
-1.1423126e0 1.9730672e0 -1.9529e-1 -1.9529e-1
-9.346207e-1 1.9730672e0 -1.6318001e-1 -1.6318001e-1
-7.269287e-1 1.9730672e0 -1.2876999e-1 -1.2876999e-1
-5.192367e-1 1.9730672e0 -9.286e-2 -9.286e-2
-3.115447e-1 1.9730672e0 -5.603001e-2 -5.603001e-2
-1.0385269e-1 1.9730672e0 -1.871999e-2 -1.871999e-2
1.0383931e-1 1.9730672e0 1.871999e-2 1.871999e-2
3.1153131e-1 1.9730672e0 5.603001e-2 5.603001e-2
5.1922331e-1 1.9730672e0 9.286e-2 9.286e-2
7.2691531e-1 1.9730672e0 1.2876999e-1 1.2876999e-1
9.3460732e-1 1.9730672e0 1.6318001e-1 1.6318001e-1
1.14229932e0 1.9730672e0 1.9529e-1 1.9529e-1
1.3499913e0 1.9730672e0 2.2416e-1 2.2416e-1
1.5576833e0 1.9730672e0 2.4875e-1 2.4875e-1
1.7653752e0 1.9730672e0 2.6805e-1 2.6805e-1
1.9730672e0 1.9730672e0 2.8134001e-1 2.8134001e-1
2.1807591e0 1.9730672e0 2.8840001e-1 2.8840001e-1
2.3884511e0 1.9730672e0 2.8944e-1 2.8944e-1
2.596143e0 1.9730672e0 2.8520999e-1 2.8520999e-1
2.803835e0 1.9730672e0 2.7681e-1 2.7681e-1
3.011527e0 1.9730672e0 2.6533e-1 2.6533e-1
3.2192189e0 1.9730672e0 2.5193999e-1 2.5193999e-1
3.4269109e0 1.9730672e0 2.3752e-1 2.3752e-1
3.6346028e0 1.9730672e0 2.2279e-1 2.2279e-1
3.8422948e0 1.9730672e0 2.0828e-1 2.0828e-1
4.0499867e0 1.9730672e0 1.9432e-1 1.9432e-1

-4.05e0 2.1807591e0 -1.7862e-1 -1.7862e-1
-3.842308e0 2.1807591e0 -1.8995e-1 -1.8995e-1
-3.6346161e0 2.1807591e0 -2.0142e-1 -2.0142e-1
-3.4269241e0 2.1807591e0 -2.1274e-1 -2.1274e-1
-3.2192322e0 2.1807591e0 -2.2346e-1 -2.2346e-1
-3.0115402e0 2.1807591e0 -2.3303e-1 -2.3303e-1
-2.8038483e0 2.1807591e0 -2.4071e-1 -2.4071e-1
-2.5961563e0 2.1807591e0 -2.4578e-1 -2.4578e-1
-2.3884644e0 2.1807591e0 -2.4739e-1 -2.4739e-1
-2.1807724e0 2.1807591e0 -2.4493e-1 -2.4493e-1
-1.9730804e0 2.1807591e0 -2.3789e-1 -2.3789e-1
-1.7653885e0 2.1807591e0 -2.2612e-1 -2.2612e-1
-1.5576965e0 2.1807591e0 -2.0978e-1 -2.0978e-1
-1.3500046e0 2.1807591e0 -1.8928e-1 -1.8928e-1
-1.1423126e0 2.1807591e0 -1.653e-1 -1.653e-1
-9.346207e-1 2.1807591e0 -1.3851001e-1 -1.3851001e-1
-7.269287e-1 2.1807591e0 -1.0962e-1 -1.0962e-1
-5.192367e-1 2.1807591e0 -7.923e-2 -7.923e-2
-3.115447e-1 2.1807591e0 -4.791e-2 -4.791e-2
-1.0385269e-1 2.1807591e0 -1.601999e-2 -1.601999e-2
1.0383931e-1 2.1807591e0 1.601999e-2 1.601999e-2
3.1153131e-1 2.1807591e0 4.790001e-2 4.790001e-2
5.1922331e-1 2.1807591e0 7.923e-2 7.923e-2
7.2691531e-1 2.1807591e0 1.0962e-1 1.0962e-1
9.3460732e-1 2.1807591e0 1.3851001e-1 1.3851001e-1
1.14229932e0 2.1807591e0 1.653e-1 1.653e-1
1.3499913e0 2.1807591e0 1.8928e-1 1.8928e-1
1.5576833e0 2.1807591e0 2.0978e-1 2.0978e-1
1.7653752e0 2.1807591e0 2.2612e-1 2.2612e-1
1.9730672e0 2.1807591e0 2.3789e-1 2.3789e-1
2.1807591e0 2.1807591e0 2.4493e-1 2.4493e-1
2.3884511e0 2.1807591e0 2.4739e-1 2.4739e-1
2.596143e0 2.1807591e0 2.4578e-1 2.4578e-1
2.803835e0 2.1807591e0 2.4073001e-1 2.4073001e-1
3.011527e0 2.1807591e0 2.3303e-1 2.3303e-1
3.2192189e0 2.1807591e0 2.2346e-1 2.2346e-1
3.4269109e0 2.1807591e0 2.1274e-1 2.1274e-1
3.6346028e0 2.1807591e0 2.0142e-1 2.0142e-1
3.8422948e0 2.1807591e0 1.8995e-1 1.8995e-1
4.0499867e0 2.1807591e0 1.7862e-1 1.7862e-1

-4.05e0 2.3884511e0 -1.6395e-1 -1.6395e-1
-3.842308e0 2.3884511e0 -1.731e-1 -1.731e-1
-3.6346161e0 2.3884511e0 -1.8212001e-1 -1.8212001e-1
-3.4269241e0 2.3884511e0 -1.9078e-1 -1.9078e-1
-3.2192322e0 2.3884511e0 -1.9869e-1 -1.9869e-1
-3.0115402e0 2.3884511e0 -2.054e-1 -2.054e-1
-2.8038483e0 2.3884511e0 -2.1042001e-1 -2.1042001e-1
-2.5961563e0 2.3884511e0 -2.1317e-1 -2.1317e-1
-2.3884644e0 2.3884511e0 -2.131e-1 -2.131e-1
-2.1807724e0 2.3884511e0 -2.0981e-1 -2.0981e-1
-1.9730804e0 2.3884511e0 -2.0295e-1 -2.0295e-1
-1.7653885e0 2.3884511e0 -1.9243001e-1 -1.9243001e-1
-1.5576965e0 2.3884511e0 -1.7831e-1 -1.7831e-1
-1.3500046e0 2.3884511e0 -1.6093001e-1 -1.6093001e-1
-1.1423126e0 2.3884511e0 -1.407e-1 -1.407e-1
-9.346207e-1 2.3884511e0 -1.1806999e-1 -1.1806999e-1
-7.269287e-1 2.3884511e0 -9.362e-2 -9.362e-2
-5.192367e-1 2.3884511e0 -6.778e-2 -6.778e-2
-3.115447e-1 2.3884511e0 -4.103e-2 -4.103e-2
-1.0385269e-1 2.3884511e0 -1.373001e-2 -1.373001e-2
1.0383931e-1 2.3884511e0 1.373001e-2 1.373001e-2
3.1153131e-1 2.3884511e0 4.103e-2 4.103e-2
5.1922331e-1 2.3884511e0 6.779001e-2 6.779001e-2
7.2691531e-1 2.3884511e0 9.362e-2 9.362e-2
9.3460732e-1 2.3884511e0 1.1806999e-1 1.1806999e-1
1.14229932e0 2.3884511e0 1.407e-1 1.407e-1
1.3499913e0 2.3884511e0 1.6093001e-1 1.6093001e-1
1.5576833e0 2.3884511e0 1.7831e-1 1.7831e-1
1.7653752e0 2.3884511e0 1.9243001e-1 1.9243001e-1
1.9730672e0 2.3884511e0 2.0295e-1 2.0295e-1
2.1807591e0 2.3884511e0 2.0981e-1 2.0981e-1
2.3884511e0 2.3884511e0 2.131e-1 2.131e-1
2.596143e0 2.3884511e0 2.1317e-1 2.1317e-1
2.803835e0 2.3884511e0 2.1042001e-1 2.1042001e-1
3.011527e0 2.3884511e0 2.054e-1 2.054e-1
3.2192189e0 2.3884511e0 1.9869e-1 1.9869e-1
3.4269109e0 2.3884511e0 1.9078e-1 1.9078e-1
3.6346028e0 2.3884511e0 1.8212001e-1 1.8212001e-1
3.8422948e0 2.3884511e0 1.731e-1 1.731e-1
4.0499867e0 2.3884511e0 1.6397e-1 1.6397e-1

-4.05e0 2.596143e0 -1.5040001e-1 -1.5040001e-1
-3.842308e0 2.596143e0 -1.5771e-1 -1.5771e-1
-3.6346161e0 2.596143e0 -1.6476001e-1 -1.6476001e-1
-3.4269241e0 2.596143e0 -1.7134001e-1 -1.7134001e-1
-3.2192322e0 2.596143e0 -1.7709999e-1 -1.7709999e-1
-3.0115402e0 2.596143e0 -1.8173e-1 -1.8173e-1
-2.8038483e0 2.596143e0 -1.8481e-1 -1.8481e-1
-2.5961563e0 2.596143e0 -1.8597e-1 -1.8597e-1
-2.3884644e0 2.596143e0 -1.8483e-1 -1.8483e-1
-2.1807724e0 2.596143e0 -1.8106e-1 -1.8106e-1
-1.9730804e0 2.596143e0 -1.7448e-1 -1.7448e-1
-1.7653885e0 2.596143e0 -1.6498e-1 -1.6498e-1
-1.5576965e0 2.596143e0 -1.5266e-1 -1.5266e-1
-1.3500046e0 2.596143e0 -1.3771e-1 -1.3771e-1
-1.1423126e0 2.596143e0 -1.2042e-1 -1.2042e-1
-9.346207e-1 2.596143e0 -1.0113e-1 -1.0113e-1
-7.269287e-1 2.596143e0 -8.023999e-2 -8.023999e-2
-5.192367e-1 2.596143e0 -5.817001e-2 -5.817001e-2
-3.115447e-1 2.596143e0 -3.523e-2 -3.523e-2
-1.0385269e-1 2.596143e0 -1.179001e-2 -1.179001e-2
1.0383931e-1 2.596143e0 1.179001e-2 1.179001e-2
3.1153131e-1 2.596143e0 3.520999e-2 3.520999e-2
5.1922331e-1 2.596143e0 5.817001e-2 5.817001e-2
7.2691531e-1 2.596143e0 8.023999e-2 8.023999e-2
9.3460732e-1 2.596143e0 1.0113e-1 1.0113e-1
1.14229932e0 2.596143e0 1.2042e-1 1.2042e-1
1.3499913e0 2.596143e0 1.3771e-1 1.3771e-1
1.5576833e0 2.596143e0 1.5266e-1 1.5266e-1
1.7653752e0 2.596143e0 1.6498e-1 1.6498e-1
1.9730672e0 2.596143e0 1.7448e-1 1.7448e-1
2.1807591e0 2.596143e0 1.8106e-1 1.8106e-1
2.3884511e0 2.596143e0 1.8483e-1 1.8483e-1
2.596143e0 2.596143e0 1.8597e-1 1.8597e-1
2.803835e0 2.596143e0 1.8481e-1 1.8481e-1
3.011527e0 2.596143e0 1.8173e-1 1.8173e-1
3.2192189e0 2.596143e0 1.7709999e-1 1.7709999e-1
3.4269109e0 2.596143e0 1.7134001e-1 1.7134001e-1
3.6346028e0 2.596143e0 1.6476001e-1 1.6476001e-1
3.8422948e0 2.596143e0 1.5771e-1 1.5771e-1
4.0499867e0 2.596143e0 1.5040001e-1 1.5040001e-1

-4.05e0 2.803835e0 -1.3793999e-1 -1.3793999e-1
-3.842308e0 2.803835e0 -1.4376001e-1 -1.4376001e-1
-3.6346161e0 2.803835e0 -1.4923e-1 -1.4923e-1
-3.4269241e0 2.803835e0 -1.5415e-1 -1.5415e-1
-3.2192322e0 2.803835e0 -1.5829001e-1 -1.5829001e-1
-3.0115402e0 2.803835e0 -1.6137e-1 -1.6137e-1
-2.8038483e0 2.803835e0 -1.6307e-1 -1.6307e-1
-2.5961563e0 2.803835e0 -1.6311e-1 -1.6311e-1
-2.3884644e0 2.803835e0 -1.6126999e-1 -1.6126999e-1
-2.1807724e0 2.803835e0 -1.5728e-1 -1.5728e-1
-1.9730804e0 2.803835e0 -1.51e-1 -1.51e-1
-1.7653885e0 2.803835e0 -1.4241e-1 -1.4241e-1
-1.5576965e0 2.803835e0 -1.3155e-1 -1.3155e-1
-1.3500046e0 2.803835e0 -1.1853e-1 -1.1853e-1
-1.1423126e0 2.803835e0 -1.0359999e-1 -1.0359999e-1
-9.346207e-1 2.803835e0 -8.701999e-2 -8.701999e-2
-7.269287e-1 2.803835e0 -6.907e-2 -6.907e-2
-5.192367e-1 2.803835e0 -5.006999e-2 -5.006999e-2
-3.115447e-1 2.803835e0 -3.034e-2 -3.034e-2
-1.0385269e-1 2.803835e0 -1.016e-2 -1.016e-2
1.0383931e-1 2.803835e0 1.016e-2 1.016e-2
3.1153131e-1 2.803835e0 3.034e-2 3.034e-2
5.1922331e-1 2.803835e0 5.006999e-2 5.006999e-2
7.2691531e-1 2.803835e0 6.907e-2 6.907e-2
9.3460732e-1 2.803835e0 8.701999e-2 8.701999e-2
1.14229932e0 2.803835e0 1.0359999e-1 1.0359999e-1
1.3499913e0 2.803835e0 1.1853e-1 1.1853e-1
1.5576833e0 2.803835e0 1.3155e-1 1.3155e-1
1.7653752e0 2.803835e0 1.4241e-1 1.4241e-1
1.9730672e0 2.803835e0 1.51e-1 1.51e-1
2.1807591e0 2.803835e0 1.5728e-1 1.5728e-1
2.3884511e0 2.803835e0 1.6126999e-1 1.6126999e-1
2.596143e0 2.803835e0 1.6311e-1 1.6311e-1
2.803835e0 2.803835e0 1.6307e-1 1.6307e-1
3.011527e0 2.803835e0 1.6137e-1 1.6137e-1
3.2192189e0 2.803835e0 1.5829001e-1 1.5829001e-1
3.4269109e0 2.803835e0 1.5415e-1 1.5415e-1
3.6346028e0 2.803835e0 1.4923e-1 1.4923e-1
3.8422948e0 2.803835e0 1.4376001e-1 1.4376001e-1
4.0499867e0 2.803835e0 1.3793999e-1 1.3793999e-1

-4.05e0 3.011527e0 -1.2653e-1 -1.2653e-1
-3.842308e0 3.011527e0 -1.3111e-1 -1.3111e-1
-3.6346161e0 3.011527e0 -1.3531999e-1 -1.3531999e-1
-3.4269241e0 3.011527e0 -1.3896e-1 -1.3896e-1
-3.2192322e0 3.011527e0 -1.4184e-1 -1.4184e-1
-3.0115402e0 3.011527e0 -1.4373001e-1 -1.4373001e-1
-2.8038483e0 3.011527e0 -1.4445e-1 -1.4445e-1
-2.5961563e0 3.011527e0 -1.4375e-1 -1.4375e-1
-2.3884644e0 3.011527e0 -1.4145e-1 -1.4145e-1
-2.1807724e0 3.011527e0 -1.3739e-1 -1.3739e-1
-1.9730804e0 3.011527e0 -1.3147e-1 -1.3147e-1
-1.7653885e0 3.011527e0 -1.2365001e-1 -1.2365001e-1
-1.5576965e0 3.011527e0 -1.14e-1 -1.14e-1
-1.3500046e0 3.011527e0 -1.0258e-1 -1.0258e-1
-1.1423126e0 3.011527e0 -8.962e-2 -8.962e-2
-9.346207e-1 3.011527e0 -7.524e-2 -7.524e-2
-7.269287e-1 3.011527e0 -5.971e-2 -5.971e-2
-5.192367e-1 3.011527e0 -4.329001e-2 -4.329001e-2
-3.115447e-1 3.011527e0 -2.623e-2 -2.623e-2
-1.0385269e-1 3.011527e0 -8.78e-3 -8.78e-3
1.0383931e-1 3.011527e0 8.78e-3 8.78e-3
3.1153131e-1 3.011527e0 2.623e-2 2.623e-2
5.1922331e-1 3.011527e0 4.329001e-2 4.329001e-2
7.2691531e-1 3.011527e0 5.971e-2 5.971e-2
9.3460732e-1 3.011527e0 7.524e-2 7.524e-2
1.14229932e0 3.011527e0 8.962e-2 8.962e-2
1.3499913e0 3.011527e0 1.0258e-1 1.0258e-1
1.5576833e0 3.011527e0 1.14e-1 1.14e-1
1.7653752e0 3.011527e0 1.2365001e-1 1.2365001e-1
1.9730672e0 3.011527e0 1.3147e-1 1.3147e-1
2.1807591e0 3.011527e0 1.3739e-1 1.3739e-1
2.3884511e0 3.011527e0 1.4145e-1 1.4145e-1
2.596143e0 3.011527e0 1.4375e-1 1.4375e-1
2.803835e0 3.011527e0 1.4445e-1 1.4445e-1
3.011527e0 3.011527e0 1.4373001e-1 1.4373001e-1
3.2192189e0 3.011527e0 1.4184e-1 1.4184e-1
3.4269109e0 3.011527e0 1.3896e-1 1.3896e-1
3.6346028e0 3.011527e0 1.3531999e-1 1.3531999e-1
3.8422948e0 3.011527e0 1.3111e-1 1.3111e-1
4.0499867e0 3.011527e0 1.2653e-1 1.2653e-1

-4.05e0 3.2192189e0 -1.161e-1 -1.161e-1
-3.842308e0 3.2192189e0 -1.1968001e-1 -1.1968001e-1
-3.6346161e0 3.2192189e0 -1.2287999e-1 -1.2287999e-1
-3.4269241e0 3.2192189e0 -1.255e-1 -1.255e-1
-3.2192322e0 3.2192189e0 -1.2743e-1 -1.2743e-1
-3.0115402e0 3.2192189e0 -1.2846e-1 -1.2846e-1
-2.8038483e0 3.2192189e0 -1.2845001e-1 -1.2845001e-1
-2.5961563e0 3.2192189e0 -1.2724e-1 -1.2724e-1
-2.3884644e0 3.2192189e0 -1.2468001e-1 -1.2468001e-1
-2.1807724e0 3.2192189e0 -1.2064e-1 -1.2064e-1
-1.9730804e0 3.2192189e0 -1.1506e-1 -1.1506e-1
-1.7653885e0 3.2192189e0 -1.0795e-1 -1.0795e-1
-1.5576965e0 3.2192189e0 -9.932e-2 -9.932e-2
-1.3500046e0 3.2192189e0 -8.925e-2 -8.925e-2
-1.1423126e0 3.2192189e0 -7.788e-2 -7.788e-2
-9.346207e-1 3.2192189e0 -6.532999e-2 -6.532999e-2
-7.269287e-1 3.2192189e0 -5.183e-2 -5.183e-2
-5.192367e-1 3.2192189e0 -3.758e-2 -3.758e-2
-3.115447e-1 3.2192189e0 -2.276999e-2 -2.276999e-2
-1.0385269e-1 3.2192189e0 -7.62e-3 -7.62e-3
1.0383931e-1 3.2192189e0 7.62e-3 7.62e-3
3.1153131e-1 3.2192189e0 2.276999e-2 2.276999e-2
5.1922331e-1 3.2192189e0 3.758e-2 3.758e-2
7.2691531e-1 3.2192189e0 5.183e-2 5.183e-2
9.3460732e-1 3.2192189e0 6.532999e-2 6.532999e-2
1.14229932e0 3.2192189e0 7.788e-2 7.788e-2
1.3499913e0 3.2192189e0 8.925e-2 8.925e-2
1.5576833e0 3.2192189e0 9.932e-2 9.932e-2
1.7653752e0 3.2192189e0 1.0795e-1 1.0795e-1
1.9730672e0 3.2192189e0 1.1506e-1 1.1506e-1
2.1807591e0 3.2192189e0 1.2064e-1 1.2064e-1
2.3884511e0 3.2192189e0 1.2468001e-1 1.2468001e-1
2.596143e0 3.2192189e0 1.2724e-1 1.2724e-1
2.803835e0 3.2192189e0 1.2845001e-1 1.2845001e-1
3.011527e0 3.2192189e0 1.2846e-1 1.2846e-1
3.2192189e0 3.2192189e0 1.2743e-1 1.2743e-1
3.4269109e0 3.2192189e0 1.255e-1 1.255e-1
3.6346028e0 3.2192189e0 1.2287999e-1 1.2287999e-1
3.8422948e0 3.2192189e0 1.1968001e-1 1.1968001e-1
4.0499867e0 3.2192189e0 1.161e-1 1.161e-1

-4.05e0 3.4269109e0 -1.0662e-1 -1.0662e-1
-3.842308e0 3.4269109e0 -1.0938e-1 -1.0938e-1
-3.6346161e0 3.4269109e0 -1.1175e-1 -1.1175e-1
-3.4269241e0 3.4269109e0 -1.1359999e-1 -1.1359999e-1
-3.2192322e0 3.4269109e0 -1.1476999e-1 -1.1476999e-1
-3.0115402e0 3.4269109e0 -1.1516e-1 -1.1516e-1
-2.8038483e0 3.4269109e0 -1.1464e-1 -1.1464e-1
-2.5961563e0 3.4269109e0 -1.1307e-1 -1.1307e-1
-2.3884644e0 3.4269109e0 -1.1034999e-1 -1.1034999e-1
-2.1807724e0 3.4269109e0 -1.064e-1 -1.064e-1
-1.9730804e0 3.4269109e0 -1.0120999e-1 -1.0120999e-1
-1.7653885e0 3.4269109e0 -9.470999e-2 -9.470999e-2
-1.5576965e0 3.4269109e0 -8.697e-2 -8.697e-2
-1.3500046e0 3.4269109e0 -7.804e-2 -7.804e-2
-1.1423126e0 3.4269109e0 -6.801e-2 -6.801e-2
-9.346207e-1 3.4269109e0 -5.701001e-2 -5.701001e-2
-7.269287e-1 3.4269109e0 -4.520999e-2 -4.520999e-2
-5.192367e-1 3.4269109e0 -3.276999e-2 -3.276999e-2
-3.115447e-1 3.4269109e0 -1.984999e-2 -1.984999e-2
-1.0385269e-1 3.4269109e0 -6.64e-3 -6.64e-3
1.0383931e-1 3.4269109e0 6.64e-3 6.64e-3
3.1153131e-1 3.4269109e0 1.984999e-2 1.984999e-2
5.1922331e-1 3.4269109e0 3.276999e-2 3.276999e-2
7.2691531e-1 3.4269109e0 4.520999e-2 4.520999e-2
9.3460732e-1 3.4269109e0 5.701001e-2 5.701001e-2
1.14229932e0 3.4269109e0 6.801e-2 6.801e-2
1.3499913e0 3.4269109e0 7.804e-2 7.804e-2
1.5576833e0 3.4269109e0 8.697e-2 8.697e-2
1.7653752e0 3.4269109e0 9.470999e-2 9.470999e-2
1.9730672e0 3.4269109e0 1.0120999e-1 1.0120999e-1
2.1807591e0 3.4269109e0 1.0629999e-1 1.0629999e-1
2.3884511e0 3.4269109e0 1.1034999e-1 1.1034999e-1
2.596143e0 3.4269109e0 1.1307e-1 1.1307e-1
2.803835e0 3.4269109e0 1.1464e-1 1.1464e-1
3.011527e0 3.4269109e0 1.1516e-1 1.1516e-1
3.2192189e0 3.4269109e0 1.1476999e-1 1.1476999e-1
3.4269109e0 3.4269109e0 1.1359999e-1 1.1359999e-1
3.6346028e0 3.4269109e0 1.1175e-1 1.1175e-1
3.8422948e0 3.4269109e0 1.0938e-1 1.0938e-1
4.0499867e0 3.4269109e0 1.0662e-1 1.0662e-1

-4.05e0 3.6346028e0 -9.794e-2 -9.794e-2
-3.842308e0 3.6346028e0 -1.0006e-1 -1.0006e-1
-3.6346161e0 3.6346028e0 -1.0179e-1 -1.0179e-1
-3.4269241e0 3.6346028e0 -1.03e-1 -1.03e-1
-3.2192322e0 3.6346028e0 -1.0362001e-1 -1.0362001e-1
-3.0115402e0 3.6346028e0 -1.0353e-1 -1.0353e-1
-2.8038483e0 3.6346028e0 -1.0265e-1 -1.0265e-1
-2.5961563e0 3.6346028e0 -1.0085e-1 -1.0085e-1
-2.3884644e0 3.6346028e0 -9.808e-2 -9.808e-2
-2.1807724e0 3.6346028e0 -9.429001e-2 -9.429001e-2
-1.9730804e0 3.6346028e0 -8.942e-2 -8.942e-2
-1.7653885e0 3.6346028e0 -8.348001e-2 -8.348001e-2
-1.5576965e0 3.6346028e0 -7.65e-2 -7.65e-2
-1.3500046e0 3.6346028e0 -6.854e-2 -6.854e-2
-1.1423126e0 3.6346028e0 -5.965e-2 -5.965e-2
-9.346207e-1 3.6346028e0 -4.995e-2 -4.995e-2
-7.269287e-1 3.6346028e0 -3.959e-2 -3.959e-2
-5.192367e-1 3.6346028e0 -2.867e-2 -2.867e-2
-3.115447e-1 3.6346028e0 -1.737e-2 -1.737e-2
-1.0385269e-1 3.6346028e0 -5.81999e-3 -5.81999e-3
1.0383931e-1 3.6346028e0 5.81999e-3 5.81999e-3
3.1153131e-1 3.6346028e0 1.737e-2 1.737e-2
5.1922331e-1 3.6346028e0 2.867e-2 2.867e-2
7.2691531e-1 3.6346028e0 3.959e-2 3.959e-2
9.3460732e-1 3.6346028e0 4.995e-2 4.995e-2
1.14229932e0 3.6346028e0 5.965e-2 5.965e-2
1.3499913e0 3.6346028e0 6.851999e-2 6.851999e-2
1.5576833e0 3.6346028e0 7.65e-2 7.65e-2
1.7653752e0 3.6346028e0 8.348001e-2 8.348001e-2
1.9730672e0 3.6346028e0 8.942e-2 8.942e-2
2.1807591e0 3.6346028e0 9.429001e-2 9.429001e-2
2.3884511e0 3.6346028e0 9.808e-2 9.808e-2
2.596143e0 3.6346028e0 1.0085e-1 1.0085e-1
2.803835e0 3.6346028e0 1.0265e-1 1.0265e-1
3.011527e0 3.6346028e0 1.0353e-1 1.0353e-1
3.2192189e0 3.6346028e0 1.0362001e-1 1.0362001e-1
3.4269109e0 3.6346028e0 1.03e-1 1.03e-1
3.6346028e0 3.6346028e0 1.0179e-1 1.0179e-1
3.8422948e0 3.6346028e0 1.0006e-1 1.0006e-1
4.0499867e0 3.6346028e0 9.794e-2 9.794e-2

-4.05e0 3.8422948e0 -9.01e-2 -9.01e-2
-3.842308e0 3.8422948e0 -9.168e-2 -9.168e-2
-3.6346161e0 3.8422948e0 -9.287001e-2 -9.287001e-2
-3.4269241e0 3.8422948e0 -9.358e-2 -9.358e-2
-3.2192322e0 3.8422948e0 -9.378e-2 -9.378e-2
-3.0115402e0 3.8422948e0 -9.331999e-2 -9.331999e-2
-2.8038483e0 3.8422948e0 -9.218e-2 -9.218e-2
-2.5961563e0 3.8422948e0 -9.026001e-2 -9.026001e-2
-2.3884644e0 3.8422948e0 -8.749e-2 -8.749e-2
-2.1807724e0 3.8422948e0 -8.386e-2 -8.386e-2
-1.9730804e0 3.8422948e0 -7.933e-2 -7.933e-2
-1.7653885e0 3.8422948e0 -7.39e-2 -7.39e-2
-1.5576965e0 3.8422948e0 -6.758e-2 -6.758e-2
-1.3500046e0 3.8422948e0 -6.044e-2 -6.044e-2
-1.1423126e0 3.8422948e0 -5.254999e-2 -5.254999e-2
-9.346207e-1 3.8422948e0 -4.398e-2 -4.398e-2
-7.269287e-1 3.8422948e0 -3.483e-2 -3.483e-2
-5.192367e-1 3.8422948e0 -2.519e-2 -2.519e-2
-3.115447e-1 3.8422948e0 -1.527e-2 -1.527e-2
-1.0385269e-1 3.8422948e0 -5.11e-3 -5.11e-3
1.0383931e-1 3.8422948e0 5.11e-3 5.11e-3
3.1153131e-1 3.8422948e0 1.527e-2 1.527e-2
5.1922331e-1 3.8422948e0 2.519e-2 2.519e-2
7.2691531e-1 3.8422948e0 3.483e-2 3.483e-2
9.3460732e-1 3.8422948e0 4.397e-2 4.397e-2
1.14229932e0 3.8422948e0 5.254999e-2 5.254999e-2
1.3499913e0 3.8422948e0 6.045e-2 6.045e-2
1.5576833e0 3.8422948e0 6.758e-2 6.758e-2
1.7653752e0 3.8422948e0 7.39e-2 7.39e-2
1.9730672e0 3.8422948e0 7.933e-2 7.933e-2
2.1807591e0 3.8422948e0 8.386e-2 8.386e-2
2.3884511e0 3.8422948e0 8.749e-2 8.749e-2
2.596143e0 3.8422948e0 9.026001e-2 9.026001e-2
2.803835e0 3.8422948e0 9.218e-2 9.218e-2
3.011527e0 3.8422948e0 9.331999e-2 9.331999e-2
3.2192189e0 3.8422948e0 9.378e-2 9.378e-2
3.4269109e0 3.8422948e0 9.358e-2 9.358e-2
3.6346028e0 3.8422948e0 9.287001e-2 9.287001e-2
3.8422948e0 3.8422948e0 9.168e-2 9.168e-2
4.0499867e0 3.8422948e0 9.01e-2 9.01e-2

-4.05e0 4.0499867e0 -8.294e-2 -8.294e-2
-3.842308e0 4.0499867e0 -8.408e-2 -8.408e-2
-3.6346161e0 4.0499867e0 -8.487e-2 -8.487e-2
-3.4269241e0 4.0499867e0 -8.521e-2 -8.521e-2
-3.2192322e0 4.0499867e0 -8.506e-2 -8.506e-2
-3.0115402e0 4.0499867e0 -8.435e-2 -8.435e-2
-2.8038483e0 4.0499867e0 -8.304001e-2 -8.304001e-2
-2.5961563e0 4.0499867e0 -8.104e-2 -8.104e-2
-2.3884644e0 4.0499867e0 -7.834e-2 -7.834e-2
-2.1807724e0 4.0499867e0 -7.486e-2 -7.486e-2
-1.9730804e0 4.0499867e0 -7.065e-2 -7.065e-2
-1.7653885e0 4.0499867e0 -6.566e-2 -6.566e-2
-1.5576965e0 4.0499867e0 -5.995e-2 -5.995e-2
-1.3500046e0 4.0499867e0 -5.353e-2 -5.353e-2
-1.1423126e0 4.0499867e0 -4.648e-2 -4.648e-2
-9.346207e-1 4.0499867e0 -3.884e-2 -3.884e-2
-7.269287e-1 4.0499867e0 -3.073e-2 -3.073e-2
-5.192367e-1 4.0499867e0 -2.223999e-2 -2.223999e-2
-3.115447e-1 4.0499867e0 -1.345e-2 -1.345e-2
-1.0385269e-1 4.0499867e0 -4.5e-3 -4.5e-3
1.0383931e-1 4.0499867e0 4.5e-3 4.5e-3
3.1153131e-1 4.0499867e0 1.345e-2 1.345e-2
5.1922331e-1 4.0499867e0 2.223999e-2 2.223999e-2
7.2691531e-1 4.0499867e0 3.073e-2 3.073e-2
9.3460732e-1 4.0499867e0 3.884e-2 3.884e-2
1.14229932e0 4.0499867e0 4.648e-2 4.648e-2
1.3499913e0 4.0499867e0 5.353e-2 5.353e-2
1.5576833e0 4.0499867e0 5.995e-2 5.995e-2
1.7653752e0 4.0499867e0 6.566e-2 6.566e-2
1.9730672e0 4.0499867e0 7.065e-2 7.065e-2
2.1807591e0 4.0499867e0 7.486e-2 7.486e-2
2.3884511e0 4.0499867e0 7.834e-2 7.834e-2
2.596143e0 4.0499867e0 8.104e-2 8.104e-2
2.803835e0 4.0499867e0 8.304001e-2 8.304001e-2
3.011527e0 4.0499867e0 8.435e-2 8.435e-2
3.2192189e0 4.0499867e0 8.506e-2 8.506e-2
3.4269109e0 4.0499867e0 8.521e-2 8.521e-2
3.6346028e0 4.0499867e0 8.487e-2 8.487e-2
3.8422948e0 4.0499867e0 8.408e-2 8.408e-2
4.0499867e0 4.0499867e0 8.294e-2 8.294e-2
